6 1861 7800 7773
6 995 11794 12403
6 50 1312 11162
6 6710 59 55
6 337 1232 220
6 6184 1239 223
6 728 5254 11180
6 1668 8641 7925
6 10800 204 11124
6 7218 14 7516
6 2227 471 6788
6 4580 344 5691
6 17 12500 12499
6 17 12499 5571
6 2591 1489 1436
6 11700 12544 6563
6 5360 246 209
6 688 690 11933
6 1427 206 205
6 704 6435 7685
6 459 348 2213
6 1087 994 4902
6 2622 12335 980
6 7647 335 213
6 1187 6719 7214
6 11596 7335 1004
6 12831 4423 6717
6 732 11146 7942
6 337 7416 3899
6 8798 330 4061
6 744 6295 745
6 195 11263 11147
6 7941 11264 197
6 6176 1265 199
6 10888 12852 693
6 4656 7421 7163
6 1899 11071 6461
6 11124 204 7957
6 463 7726 125
6 12901 4738 689
6 7747 11669 692
6 11162 7457 743
6 11886 6295 744
6 253 11231 3290
6 2246 52 11115
6 3889 1123 764
6 1861 7773 9032
6 50 743 862
6 10675 744 747
6 704 927 705
6 704 705 7421
6 42 6709 209
6 704 199 927
6 927 199 710
6 3731 2082 12463
6 463 125 954
6 8063 328 12783
6 7200 4061 330
6 324 7795 7801
6 8991 6231 327
6 6664 327 328
6 12718 252 335
6 4902 994 1009
6 335 252 346
6 223 346 252
6 12368 1249 1215
6 5661 7540 255
6 3290 7566 4984
6 221 6582 220
6 6582 221 12291
6 3928 6184 8969
6 7199 4689 255
6 1249 12368 4984
6 1529 8888 7973
6 7959 1500 3793
6 1625 10642 703
6 6358 7754 1296
6 148 9028 7397
6 1383 920 5042
6 8031 710 6190
6 2749 3878 4755
6 12366 1957 2374
6 11948 1088 938
6 1338 12883 10889
6 5756 1338 1141
6 1357 11729 16
6 1676 7861 1667
6 2093 5824 10632
6 463 954 464
6 722 1559 3939
6 5768 743 7457
6 2078 2076 2092
6 11726 2094 2090
6 11394 6788 471
6 465 11393 10727
6 895 887 866
6 5824 2093 7382
6 11647 2090 2060
6 11055 20 1415
6 199 1265 710
6 7539 206 1427
6 210 2245 1016
6 461 5043 7699
6 10727 2213 11950
6 2204 12062 1435
6 12492 2204 7726
6 2094 10854 2093
6 1669 1676 11111
6 4902 2285 1087
6 483 1113 1117
6 10787 1133 1136
6 2195 743 6156
6 348 748 2213
6 4483 12400 2318
6 6591 6367 670
6 1649 7214 690
6 5362 2659 642
6 5032 12436 2418
6 12436 862 743
6 1748 7539 11241
6 1716 205 1565
6 1716 1427 205
6 1305 1182 1145
6 8030 7214 1649
6 12018 6188 687
6 10935 731 5106
6 731 10653 5106
6 11157 734 731
6 734 6134 731
6 2071 1734 13
6 337 1764 1232
6 337 4507 1764
6 1249 2449 7532
6 1529 1778 1530
6 12366 4962 699
6 1604 2248 12464
6 1883 2074 6708
6 16 1885 5287
6 16 5287 12168
6 1861 10875 7800
6 704 6678 6435
6 198 11243 4627
6 5302 1934 1136
6 1397 11231 253
6 232 6571 7752
6 12668 7170 687
6 5518 8843 699
6 10851 710 5632
6 1563 207 190
6 1559 1563 3939
6 5612 12474 1239
6 2224 2227 458
6 683 699 8843
6 2090 2094 8019
6 10642 6176 703
6 6352 3980 172
6 1102 6133 12498
6 126 6718 11052
6 7214 12831 690
6 12831 5930 690
6 882 905 901
6 1265 6190 710
6 7758 699 7169
6 989 2057 7336
6 7170 686 687
6 699 4962 5518
6 8030 1649 1806
6 1649 688 1806
6 12613 7169 699
6 5254 1682 7250
6 7250 1682 5465
6 2343 43 7449
6 7449 43 668
6 1957 12366 7758
6 1009 1004 2285
6 7335 2285 1004
6 2286 5768 9007
6 11700 5768 2286
6 1771 11148 7941
6 6582 330 2318
6 5121 482 34
6 5221 5121 34
6 741 5617 8686
6 40 32 1555
6 723 1691 204
6 210 47 55
6 7604 55 47
6 730 729 7438
6 730 11180 9016
6 11180 730 728
6 11886 744 10675
6 50 862 746
6 743 50 11162
6 12090 746 745
6 11840 2847 5742
6 736 5529 8686
6 6295 12090 745
6 998 7405 2393
6 998 2393 1000
6 11571 3801 15
6 2418 12436 743
6 2418 743 2195
6 765 6792 12539
6 8788 1519 1588
6 2428 1778 1533
6 12463 1530 2428
6 1794 6186 2388
6 12831 6719 4423
6 12831 7214 6719
6 484 10823 483
6 8197 171 12856
6 705 927 4603
6 8753 998 1000
6 4423 126 2474
6 126 11053 2474
6 6664 328 8063
6 1463 1415 5931
6 12847 232 1676
6 12847 1676 1669
6 5571 3458 7471
6 458 2227 6788
6 2749 4755 5519
6 5004 739 737
6 7509 24 6298
6 917 8661 918
6 917 918 7920
6 7751 7737 914
6 914 7737 916
6 7920 918 7157
6 912 3390 12031
6 7759 2587 1625
6 2587 10642 1625
6 2083 2188 2075
6 6232 3793 1500
6 12502 42 6232
6 213 1658 2734
6 1658 7931 2734
6 10906 6237 2123
6 9017 2553 642
6 996 980 995
6 483 1117 484
6 995 12403 988
6 2562 1501 12465
6 1669 11111 10710
6 5273 1669 10710
6 2245 7647 4659
6 2246 6358 7532
6 1069 3456 194
6 7604 47 41
6 5951 765 12539
6 765 5951 5756
6 7473 724 7931
6 1994 12135 1140
6 2904 4903 3709
6 3709 4903 11070
6 8718 1668 2904
6 5465 5743 1383
6 5743 5465 1682
6 5931 24 7509
6 12693 1065 1488
6 2427 5886 4738
6 3458 5571 1715
6 2475 3746 5843
6 994 7306 1009
6 2437 1860 1097
6 2245 210 55
6 2245 341 7647
6 7471 17 5571
6 5122 17 7471
6 1119 486 7404
6 1934 1137 5471
6 1102 11048 1580
6 1580 11048 2515
6 3006 393 2123
6 2123 1098 3006
6 479 1112 12721
6 10788 1124 1126
6 11044 1124 10788
6 1097 3020 2112
6 1126 1124 7680
6 8753 1130 10672
6 7942 12396 732
6 732 12396 1253
6 982 7679 6723
6 7397 5134 148
6 1124 11293 7680
6 197 11264 6249
6 12038 4788 465
6 479 1499 3262
6 1112 479 3262
6 2579 11250 1489
6 982 11795 9040
6 3269 4657 196
6 1136 1934 5471
6 3456 193 194
6 11724 8844 4950
6 2408 6578 791
6 10875 11970 12386
6 7711 12718 335
6 5678 10510 32
6 1859 7461 2113
6 3450 7766 8661
6 1355 1625 703
6 7752 6571 3390
6 3390 6571 920
6 11262 4421 1771
6 1771 4421 11148
6 462 7726 463
6 764 1123 3414
6 3426 3390 920
6 3426 920 1383
6 36 8982 2343
6 12 6565 11975
6 1239 1216 346
6 3456 11843 193
6 4423 6719 4486
6 3414 6566 1545
6 11719 3414 1545
6 11115 3470 5787
6 3470 48 40
6 1086 3471 1085
6 1715 5571 1734
6 12503 1086 8072
6 1086 12503 7335
6 748 740 5095
6 1309 5934 3350
6 882 901 11151
6 7539 1748 206
6 11773 938 3731
6 2475 12638 3746
6 3746 875 882
6 4551 196 3318
6 5939 5757 10889
6 7959 3793 42
6 6232 42 3793
6 4788 11393 465
6 1191 2074 1883
6 1883 7218 1582
6 954 125 12017
6 3890 482 5121
6 12387 482 3890
6 467 12440 466
6 1761 1561 1587
6 4530 6774 5678
6 7783 5678 6774
6 3414 1123 6566
6 12038 466 12440
6 198 7539 6164
6 7335 12503 1529
6 7218 7516 10907
6 2106 1 11112
6 2106 6 1
6 722 3939 10324
6 3939 1563 190
6 2465 6608 1083
6 48 3470 11115
6 2123 6237 1098
6 215 218 344
6 1266 8930 6522
6 12733 1502 12508
6 7335 1087 2285
6 866 12664 895
6 8001 1794 684
6 9016 4978 2068
6 3731 1545 6768
6 1499 1546 11235
6 1265 4493 3804
6 7738 1523 1513
6 7738 6258 1523
6 4978 6455 3878
6 1130 1133 10271
6 10379 1133 1130
6 1530 7335 1529
6 1530 12025 7335
6 6566 4670 1545
6 1546 479 483
6 1559 724 1563
6 730 7438 6406
6 461 1672 5043
6 1565 1297 1584
6 8844 11724 5634
6 2060 7962 10
6 2427 724 7473
6 12852 5725 673
6 5725 12809 673
6 12014 1748 5886
6 2227 2224 236
6 1720 6591 1666
6 7519 12018 686
6 1587 6794 1298
6 1593 5476 1587
6 2057 1509 2465
6 3889 10693 5471
6 5931 12809 1188
6 901 7751 6306
6 3450 5814 916
6 2408 791 8190
6 5476 1593 1611
6 589 11657 9017
6 7759 1957 2587
6 1957 10642 2587
6 459 1367 348
6 1119 10693 6258
6 1265 3804 6190
6 2224 458 10603
6 12031 3390 3426
6 12031 3426 1383
6 11840 872 1669
6 2123 12640 10906
6 723 7754 1691
6 7408 6306 913
6 12659 3790 3961
6 1088 11948 994
6 4605 1720 2282
6 4605 3909 1720
6 5240 7395 960
6 12366 699 7758
6 1215 1249 7532
6 11053 126 8213
6 2074 7398 12861
6 2213 10603 11950
6 1112 3262 11145
6 6298 36 7474
6 17 11046 12500
6 10680 7169 684
6 684 7169 12613
6 209 6709 62
6 720 722 41
6 1691 1555 6409
6 10266 1761 1587
6 7942 11262 1771
6 34 4717 12510
6 10 2846 3820
6 10 3820 6165
6 12479 7381 10283
6 7381 1807 10283
6 196 7759 3269
6 7477 7759 196
6 4755 694 5519
6 2106 3082 6
6 2112 5841 10801
6 5934 170 3350
6 4678 3350 170
6 7973 1778 1529
6 7745 5682 2085
6 1465 7306 982
6 3899 7416 3324
6 11070 1668 7925
6 7861 10264 1667
6 1899 3379 11071
6 1899 1979 3379
6 1009 2285 4902
6 2393 1083 1000
6 2904 1668 4903
6 4903 1668 11070
6 1533 6258 764
6 7 4917 7958
6 4917 7 6402
6 13 1734 12499
6 6135 13 12499
6 764 11719 1533
6 148 5134 6305
6 7206 9 11755
6 824 7518 6335
6 2248 1274 214
6 549 7516 6333
6 791 6334 7517
6 1216 213 346
6 730 6406 728
6 458 467 466
6 1298 1565 205
6 2112 10801 1097
6 8 12 8720
6 5043 12 8
6 7959 42 33
6 42 246 33
6 10292 2624 5109
6 10292 5109 738
6 2085 2078 7382
6 1658 213 5115
6 213 1216 5115
6 344 218 2522
6 7962 8 10
6 8 11624 10
6 11729 18 16
6 18 6716 16
6 6277 2102 5606
6 11648 2056 2087
6 193 5135 680
6 1563 724 5610
6 5139 2076 2199
6 5139 2199 5032
6 2060 2090 12480
6 2095 2091 10785
6 2095 10785 6500
6 2074 1191 4051
6 2091 6767 10785
6 2087 6767 2091
6 2074 4051 7398
6 11755 9 5161
6 9 8104 5161
6 6333 14 10
6 8658 10 14
6 1136 5471 1119
6 10787 1136 1119
6 2083 2195 2188
6 2428 1530 1778
6 2086 12479 5682
6 2094 2093 11246
6 1101 1859 2113
6 43 5221 2999
6 5221 43 5121
6 43 12465 5121
6 9032 2080 5221
6 9032 5221 3409
6 1859 6452 3943
6 10324 693 722
6 1310 7471 2624
6 5287 1885 12
6 5287 12 12168
6 2198 2076 2078
6 6338 740 12090
6 2188 6156 11700
6 10672 1130 5470
6 2199 2198 746
6 6135 7529 1309
6 5368 2111 1098
6 11630 2294 1026
6 6338 741 5095
6 741 236 5095
6 1978 2904 3709
6 10270 7519 686
6 346 213 335
6 9032 7540 2080
6 18 5618 10779
6 12038 5428 4788
6 1604 2247 1021
6 5742 2551 873
6 10539 12400 5450
6 6582 5450 220
6 1519 8888 8072
6 733 11947 32
6 733 32 10510
6 32 11947 6409
6 12640 2123 393
6 2378 7438 7582
6 2204 125 7726
6 8718 5521 1668
6 2093 10632 11246
6 7783 61 733
6 6708 2074 3297
6 1026 5531 1584
6 12399 12783 328
6 5534 995 988
6 5534 7405 5815
6 10907 7516 549
6 3450 917 5814
6 917 7428 5814
6 691 7747 692
6 2056 9 7958
6 11725 5004 125
6 10380 1140 1137
6 1137 1140 10272
6 1357 12168 5055
6 328 4580 12399
6 1253 1580 6352
6 215 1215 218
6 5610 724 2427
6 8661 5634 918
6 7157 918 11724
6 11724 918 5634
6 18 10779 6799
6 18 5120 3297
6 18 6799 5120
6 3356 1716 1565
6 5843 3746 882
6 4986 12530 5
6 12501 11048 19
6 7473 1611 1593
6 5691 344 4507
6 3899 5691 4507
6 1004 4537 5302
6 1009 10380 4537
6 2449 62 54
6 6709 54 62
6 5933 52 54
6 6131 3480 170
6 1252 6129 3478
6 1252 3478 8207
6 6131 1252 5698
6 3480 6131 5698
6 1195 12557 5948
6 12463 2082 12025
6 734 11146 732
6 734 732 10734
6 1500 2537 6232
6 2538 460 6402
6 50 740 1312
6 11141 1 6
6 10633 11141 6
6 11157 11146 734
6 195 11147 5361
6 12809 7509 673
6 11725 738 739
6 11215 4657 3269
6 10300 11392 1509
6 1273 12668 687
6 5787 1555 1691
6 11242 196 4657
6 887 895 11714
6 205 206 1761
6 12335 23 4530
6 23 6774 4530
6 2591 2579 1489
6 197 7957 7941
6 11595 1000 1001
6 12465 3890 5121
6 1501 12387 12465
6 7912 12280 1668
6 1668 12280 8641
6 11626 9 11702
6 1512 2739 10867
6 1499 7959 33
6 12392 277 7739
6 223 252 4689
6 5133 5 6529
6 6388 12279 875
6 4950 7450 11723
6 11750 5465 694
6 6455 4978 11750
6 3459 1124 11044
6 11150 1162 5742
6 5633 11912 913
6 5042 8930 1266
6 11779 10907 549
6 914 916 5142
6 6592 672 5725
6 1397 12371 11231
6 11958 6188 670
6 6578 6334 791
6 5109 6429 738
6 738 11725 1435
6 196 6195 3318
6 196 11242 6195
6 980 12335 2807
6 23 7783 6774
6 10727 11950 465
6 6455 4755 3878
6 694 6455 11750
6 348 740 748
6 740 348 1312
6 1861 9032 12074
6 2227 236 5529
6 740 6338 5095
6 5471 10693 1119
6 11843 1266 11912
6 1748 12014 206
6 670 6188 12018
6 6491 8718 1978
6 2281 6186 1272
6 7428 2281 1272
6 2281 7920 2282
6 7390 6231 321
6 8950 875 12279
6 11627 0 12281
6 12281 0 10630
6 2846 11624 2723
6 1513 8788 1588
6 1513 1588 10867
6 12286 0 5
6 6529 5 0
6 6529 11627 2764
6 2749 277 12391
6 6640 277 2749
6 2553 10935 642
6 6566 1123 6489
6 337 220 5450
6 12402 2537 12403
6 2746 12393 11657
6 5533 12393 2746
6 2058 8982 9040
6 5743 12031 1383
6 12342 8719 2
6 12342 2 7605
6 11582 7566 3290
6 913 6306 914
6 913 914 5633
6 3314 6578 2408
6 12061 11 11571
6 11657 12393 195
6 5618 11729 12843
6 1649 690 688
6 2562 938 11773
6 1232 12464 214
6 9028 148 12443
6 730 9016 729
6 327 4580 328
6 327 3359 4580
6 12472 3 7450
6 12472 8721 3
6 5841 2112 2111
6 5759 5935 170
6 234 12749 895
6 738 1435 10292
6 11972 5221 34
6 5757 5939 12496
6 1934 5302 1137
6 2083 2075 2095
6 7068 3882 12371
6 1232 212 345
6 1489 12371 1397
6 1489 7068 12371
6 3457 6723 12542
6 12542 20 8758
6 989 10300 2057
6 988 10300 989
6 6455 694 4755
6 7973 1523 1778
6 11047 172 171
6 1126 6827 8753
6 1126 7680 6827
6 1883 1582 1191
6 11630 1564 723
6 5534 988 989
6 12497 11145 21
6 1489 11250 7068
6 11933 690 672
6 5930 672 690
6 215 344 4580
6 3359 215 4580
6 192 6409 1767
6 1117 7125 484
6 7125 1117 5470
6 7157 3909 4605
6 11724 3909 7157
6 12852 673 693
6 29 10849 6298
6 1715 2071 6563
6 12544 1715 6563
6 1287 12434 6234
6 2224 5095 236
6 190 10888 693
6 12372 62 12361
6 12335 12498 23
6 12498 6133 23
6 23 6133 7783
6 393 6413 12640
6 6699 16 4810
6 19 12498 12543
6 2565 7250 11750
6 7256 1519 8788
6 8888 1519 7256
6 233 11652 12659
6 6710 668 43
6 12465 43 2343
6 2198 2078 2085
6 2086 7745 10854
6 16 6699 1885
6 1140 3457 1994
6 1182 1252 5935
6 12391 589 9015
6 3882 5360 12371
6 482 6768 10559
6 11947 733 5054
6 5054 733 61
6 11722 7756 1418
6 669 6367 10876
6 7527 669 12714
6 669 6699 12714
6 1488 33 3882
6 2579 12693 11250
6 5428 2102 4788
6 7745 7382 2093
6 10854 7745 2093
6 912 5100 2280
6 3943 866 887
6 3943 11113 866
6 6699 4810 3945
6 3928 7200 330
6 330 12291 3928
6 5043 1672 6639
6 252 5661 4689
6 352 11046 17
6 10592 2514 11046
6 7404 486 1118
6 1118 10787 7404
6 2474 7407 6717
6 2944 1682 7605
6 20 11055 5757
6 5757 12496 20
6 4551 5533 7739
6 1083 2393 7336
6 3980 171 172
6 3980 12856 171
6 1266 6522 11912
6 3790 6522 3961
6 2343 7449 36
6 36 7449 668
6 11392 11980 1509
6 6129 824 8205
6 728 11977 2915
6 393 3006 4762
6 1296 1021 2247
6 7958 2087 2056
6 12025 1087 7335
6 11657 195 5361
6 7199 1575 8969
6 10734 6352 172
6 6134 10653 731
6 8211 5940 765
6 1321 11047 2514
6 2094 4062 8019
6 4062 471 11644
6 8104 9 2056
6 2060 10 8658
6 11647 8658 2073
6 1097 1877 3020
6 7766 4623 5634
6 2724 11702 2764
6 7754 1564 1296
6 8072 1085 6608
6 7529 1143 1309
6 12500 7648 7529
6 1545 3731 11719
6 7800 1731 5307
6 3400 11112 1
6 3400 1 11625
6 7566 1249 4984
6 11582 1249 7566
6 4670 1114 4717
6 1435 2696 10292
6 7582 7438 729
6 5106 7582 729
6 7438 15 3801
6 5465 1383 5042
6 7461 6411 1344
6 7461 3943 6411
6 3318 6234 12393
6 5742 5843 2551
6 7648 1143 7529
6 1143 7648 8194
6 1994 6489 12135
6 8888 1529 12503
6 11111 8641 2371
6 2371 8641 3091
6 740 50 746
6 12090 740 746
6 6709 42 12502
6 5756 1195 1338
6 5951 1195 5756
6 10636 11624 8
6 895 12664 234
6 15 5122 7471
6 6624 5122 15
6 9007 6429 12544
6 10680 1570 7169
6 232 7752 912
6 912 7752 3390
6 2454 5632 688
6 589 2746 11657
6 12391 12392 2746
6 1806 688 5632
6 5106 2378 7582
6 1357 16 12168
6 3356 6164 1427
6 1582 7218 10907
6 12843 1357 5055
6 3099 6421 12286
6 7328 12400 4483
6 322 7328 7177
6 170 5758 8196
6 170 8196 5759
6 3262 1499 12509
6 12509 1499 33
6 1499 11235 1500
6 1499 1500 7959
6 1436 7390 12092
6 11649 3888 2739
6 1145 12857 8195
6 1143 8194 11045
6 5815 7405 998
6 3269 7759 1625
6 11980 1507 1512
6 1097 3694 1877
6 1097 1860 3694
6 12018 1666 670
6 11242 2596 6195
6 6195 2596 1287
6 1305 4607 1182
6 5678 32 40
6 5678 40 7934
6 2765 7766 3450
6 1994 8758 1114
6 7177 8798 1573
6 1009 4537 1004
6 4962 1433 5518
6 12399 4580 3899
6 12286 10630 0
6 4594 1133 10379
6 10379 1000 11595
6 1195 12883 1338
6 5939 11233 22
6 692 705 12709
6 8721 11841 3
6 4607 824 6129
6 4607 7518 824
6 22 1114 8758
6 988 12508 10300
6 2281 10270 6186
6 549 6333 7763
6 6333 6165 7763
6 1274 2248 1297
6 866 7451 12664
6 4627 7165 855
6 5935 1252 6131
6 5606 5139 5032
6 6421 10710 2371
6 5273 10710 6421
6 6164 1056 198
6 744 745 7965
6 2522 4507 344
6 1085 1083 6608
6 11089 5633 5135
6 5633 914 5142
6 2095 2075 2091
6 2087 2091 2075
6 7604 6710 55
6 6716 18 11051
6 7477 196 4551
6 12508 988 12403
6 7647 2734 4659
6 7962 461 7699
6 4917 460 7958
6 704 12012 6678
6 2073 7381 11726
6 3290 4984 253
6 3359 253 4984
6 7473 7931 1658
6 11725 739 5004
6 912 2280 7861
6 5682 747 744
6 11840 1669 5273
6 5610 4738 207
6 694 5042 5882
6 5931 1415 24
6 7679 24 6723
6 2611 11263 6234
6 2611 6234 12434
6 1188 1463 5931
6 1000 1083 1085
6 1085 1001 1000
6 2224 10603 5095
6 10272 5471 1137
6 10272 3889 5471
6 5925 1272 1794
6 5100 2 12615
6 8719 12615 2
6 2944 7605 2
6 2944 2 5100
6 5362 5106 729
6 12667 7169 1570
6 5134 960 11703
6 5240 960 5134
6 2199 2076 2198
6 670 6367 11958
6 6452 2106 11112
6 2245 55 341
6 2807 12335 4530
6 12474 1611 1216
6 1533 1523 6258
6 764 6258 3889
6 5307 255 7773
6 905 11706 7737
6 5743 1682 2944
6 12031 5743 2944
6 8969 6184 223
6 1088 994 1087
6 5533 3318 12393
6 995 5815 996
6 5815 995 5534
6 2080 2999 5221
6 2086 7381 12479
6 7256 8788 1513
6 461 7570 1672
6 1523 1533 1778
6 5682 7965 2085
6 5254 7250 2565
6 5254 7605 1682
6 11113 2541 7472
6 8758 20 12496
6 12638 875 3746
6 11630 204 10800
6 209 246 42
6 3731 12463 11719
6 5606 5032 2195
6 10379 1130 8753
6 4537 1137 5302
6 1086 1085 8072
6 352 17 5122
6 352 5122 6624
6 1794 1272 6186
6 2448 6165 3670
6 5361 2553 9017
6 6709 5933 54
6 1140 7306 1465
6 1140 10380 7306
6 12543 12497 19
6 12497 12501 19
6 6435 1355 703
6 3961 6522 920
6 8930 920 6522
6 5042 920 8930
6 3379 7450 1636
6 11071 3379 1636
6 1899 6461 7472
6 2076 5428 2092
6 341 7711 335
6 1126 5470 12228
6 12228 5470 1117
6 3888 7125 5470
6 1136 11814 5302
6 6608 1511 1519
6 1069 5518 1433
6 872 12847 1669
6 720 41 47
6 1016 720 47
6 1355 4657 11215
6 2227 5529 7799
6 1432 1072 6639
6 1072 5055 6639
6 1069 194 5518
6 2204 11725 125
6 5120 6799 14
6 5120 14 6708
6 7218 6708 14
6 11840 5742 872
6 2112 1104 2111
6 5933 48 52
6 2083 5606 2195
6 2083 6277 5606
6 5273 1860 2437
6 1860 5273 6421
6 12500 6135 12499
6 2075 6563 2087
6 10283 5617 747
6 5618 1084 2288
6 11565 901 6306
6 11723 7450 3
6 11723 3 11841
6 2087 7958 6767
6 11089 11843 5633
6 872 873 12847
6 1415 20 24
6 6723 24 20
6 5465 5042 694
6 11596 2711 1001
6 1001 3471 11596
6 252 12718 5661
6 4689 7199 8969
6 2227 7799 6638
6 10510 5678 7783
6 1465 6723 3457
6 4514 8213 1850
6 11049 4514 1850
6 6718 1462 2516
6 4486 1462 6718
6 12403 2807 12402
6 11794 2807 12403
6 205 1761 10266
6 205 10266 1298
6 672 1188 5725
6 12843 5055 1072
6 214 1274 212
6 1232 214 212
6 2906 3922 11956
6 7 5521 8718
6 7 11626 5521
6 1141 11049 5756
6 1143 11045 5758
6 1143 5758 5934
6 7648 12500 8194
6 1145 8195 12501
6 5759 12857 1145
6 5935 5759 1145
6 12544 2286 9007
6 5518 194 8843
6 683 8843 194
6 736 12843 1072
6 736 1072 5529
6 3470 1555 5787
6 1188 672 5930
6 6717 1188 5930
6 5814 6185 916
6 2078 2092 5824
6 10324 3939 190
6 190 693 10324
6 11795 7306 994
6 7306 11795 982
6 1764 4507 12464
6 1575 7795 7200
6 5841 1162 11150
6 1162 5841 5368
6 1162 5843 5742
6 5843 1162 12481
6 2449 54 52
6 12038 465 466
6 7125 11649 484
6 1118 3888 10271
6 3945 5929 1187
6 8844 5634 4623
6 459 954 12017
6 5882 1266 3292
6 2113 7461 5335
6 10270 686 6186
6 12455 5612 212
6 212 5612 345
6 683 680 8001
6 5476 12455 212
6 680 5142 5925
6 10603 2213 748
6 10603 748 5095
6 733 10510 7783
6 210 1016 47
6 2449 2246 7532
6 218 2247 2522
6 12402 4530 35
6 35 4530 5678
6 11052 8213 126
6 192 1691 6409
6 6582 10539 5450
6 6582 2318 10539
6 3899 4580 5691
6 683 12613 699
6 341 59 7711
6 341 55 59
6 220 1232 345
6 5758 170 5934
6 5935 6131 170
6 4051 1191 5940
6 5762 5940 1191
6 1195 5948 4601
6 1195 5951 12558
6 7795 4061 7200
6 739 738 9007
6 1885 6805 12
6 12 6805 6565
6 12168 12 6639
6 463 10785 462
6 352 10592 11046
6 1579 10592 352
6 2448 3670 10633
6 4483 2318 330
6 4483 330 8798
6 1573 4061 7186
6 1573 8798 4061
6 24 36 6298
6 6402 7 11
6 11 7 6491
6 7754 5787 1691
6 7754 6358 5787
6 2596 11265 1287
6 8982 36 9040
6 8753 10672 1126
6 1126 10672 5470
6 11141 3670 3820
6 13 8104 2071
6 7438 6624 15
6 1588 1519 2641
6 1519 1511 2641
6 2294 3356 1026
6 3356 5531 1026
6 6186 686 2388
6 7163 7421 689
6 1487 1065 10731
6 2579 1487 10731
6 1187 4486 6719
6 2702 10888 691
6 6827 5815 998
6 728 3273 5254
6 728 2915 3273
6 2437 1097 10801
6 1310 15 7471
6 15 1310 11571
6 125 5004 1367
6 3888 1118 2739
6 2739 1118 11650
6 1253 6133 1580
6 61 6133 1253
6 10734 172 1321
6 3339 1056 2294
6 3339 2294 11619
6 7539 1427 6164
6 3670 6165 3820
6 2288 1807 6799
6 2073 6799 1807
6 3292 1266 11843
6 3292 11843 3456
6 11582 62 2449
6 12291 221 6184
6 5925 6185 1272
6 7336 7405 989
6 6188 1273 687
6 8029 1273 6188
6 11957 6190 1273
6 6805 669 11842
6 11842 669 10876
6 6565 2850 2914
6 482 4717 34
6 5335 6413 393
6 7206 11702 9
6 2516 1462 11051
6 1564 7754 723
6 6231 253 327
6 1436 253 6231
6 6232 12402 35
6 1162 5368 6237
6 8656 1026 1584
6 1859 1101 2106
6 1859 2106 6452
6 6249 12434 1287
6 6249 1287 11265
6 1899 7472 12505
6 1899 12505 10636
6 7861 1676 232
6 12843 11729 1357
6 12455 12474 5612
6 5929 16 6716
6 4810 16 5929
6 673 10849 29
6 673 29 693
6 7509 10849 673
6 2847 11840 2437
6 9040 36 24
6 10849 7509 6298
6 11241 855 4656
6 6306 7751 914
6 11263 195 6234
6 12393 6234 195
6 7461 1344 5335
6 11958 7527 2906
6 3297 11051 18
6 6792 765 5940
6 11215 3269 1625
6 7604 41 7474
6 6529 0 11627
6 6333 10 6165
6 11972 34 6334
6 1488 6335 33
6 6338 12090 6295
6 5768 7457 9007
6 1676 1667 11111
6 482 10559 4670
6 482 4670 4717
6 669 6805 6699
6 6367 669 7527
6 5531 3356 1565
6 732 1253 6352
6 6134 1321 10653
6 3356 1427 1716
6 1141 8212 11049
6 1274 1297 1298
6 11147 2548 2553
6 2548 11157 2553
6 1861 11970 10875
6 1698 720 1016
6 7428 1272 6185
6 7428 6185 5814
6 5307 3920 255
6 3920 7199 255
6 3820 2846 2723
6 689 4738 5886
6 5939 10889 12883
6 1500 12733 2537
6 2537 12733 12403
6 5054 12396 7942
6 61 12396 5054
6 3734 1344 6388
6 12481 1162 6237
6 6409 1555 32
6 5335 1344 6413
6 6413 1344 3734
6 1141 1338 10889
6 2465 1509 1511
6 1509 2641 1511
6 10559 6768 1545
6 5142 680 5135
6 5142 5135 5633
6 198 4627 7539
6 5521 7912 1668
6 1860 3099 3694
6 6435 855 1355
6 1355 11215 1625
6 4717 1114 12510
6 1114 22 12510
6 1559 722 720
6 1145 1182 5935
6 11724 2777 3909
6 3909 2777 7756
6 1509 11980 2641
6 6461 7451 866
6 6461 866 11113
6 6452 2541 3943
6 3943 2541 11113
6 2092 5428 12038
6 6156 743 5768
6 1114 6489 1994
6 4670 6489 1114
6 3400 11625 2723
6 3820 2723 11625
6 5032 2418 2195
6 1563 5610 207
6 954 12027 464
6 7408 913 6522
6 11912 6522 913
6 1140 1465 3457
6 7472 2541 3400
6 3400 2541 11112
6 193 11089 5135
6 193 11843 11089
6 1666 6591 670
6 7763 6165 2448
6 589 12391 2746
6 938 2082 3731
6 232 233 6571
6 1507 4001 10823
6 5450 12400 7416
6 2914 2850 11841
6 11841 2850 1418
6 1418 10876 6591
6 11722 1418 6591
6 189 6592 8673
6 1433 4962 7739
6 12399 3899 3324
6 1249 11582 2449
6 4762 5335 393
6 3694 12530 4986
6 3694 3099 12530
6 2778 7381 2086
6 1512 11649 2739
6 1026 8656 1564
6 1559 720 1698
6 741 11886 10675
6 1588 2641 10867
6 7934 40 48
6 960 5133 11754
6 7395 5133 960
6 8991 327 6664
6 321 6664 2786
6 12497 2803 11145
6 7958 460 6767
6 1296 218 6358
6 218 1296 2247
6 6678 855 6435
6 7934 48 5933
6 7934 5933 35
6 24 7679 9040
6 11053 2517 1463
6 7407 11053 1463
6 3459 12543 2622
6 2454 10851 5632
6 1978 3709 8719
6 8719 3709 12615
6 12615 3709 2280
6 5100 12615 2280
6 1432 6639 1672
6 7799 1072 1432
6 7799 1432 6638
6 5841 11150 2847
6 10801 5841 2847
6 3731 6768 11773
6 12387 1501 6768
6 10800 2294 11630
6 6788 467 458
6 1432 7570 6638
6 12436 746 862
6 683 8001 684
6 1794 10680 684
6 5682 744 7965
6 7685 6435 703
6 6500 463 464
6 2696 1310 10292
6 901 905 7737
6 901 7737 7751
6 1321 172 11047
6 5142 916 6185
6 5925 5142 6185
6 11956 8030 4660
6 671 8030 11956
6 671 1187 7214
6 671 7214 8030
6 4689 5661 255
6 8969 1575 7200
6 5534 989 7405
6 11619 2294 10800
6 1859 3943 7461
6 7328 7888 12400
6 5519 3292 1069
6 3292 3456 1069
6 327 253 3359
6 2944 5100 912
6 12031 2944 912
6 213 2734 7647
6 6640 5519 1069
6 7163 5886 1748
6 589 2659 9015
6 938 1088 2082
6 2082 1088 12025
6 12025 1088 1087
6 7163 689 5886
6 980 996 11293
6 1432 1672 7570
6 1273 6190 3804
6 2095 6277 2083
6 960 11754 7206
6 11703 960 7206
6 6352 1580 3980
6 1102 1580 6133
6 348 1367 1312
6 5762 1582 2801
6 7397 5240 5134
6 3922 6699 3945
6 11719 2428 1533
6 980 11293 2622
6 2199 12436 5032
6 11795 2058 9040
6 2086 5682 7745
6 322 7888 7328
6 8001 680 5925
6 8001 5925 1794
6 6406 11 11977
6 10539 2318 12400
6 2073 1807 7381
6 704 7685 199
6 7398 4051 1850
6 1561 2427 7473
6 7421 705 11669
6 11071 1636 7451
6 737 739 7457
6 9007 7457 739
6 7965 2198 2085
6 722 29 41
6 7474 41 29
6 2246 11115 6358
6 4483 8798 7177
6 873 872 5742
6 7739 4962 2374
6 11233 7517 22
6 7517 12510 22
6 4607 21 7518
6 2282 1720 7519
6 11959 2074 12861
6 3297 2074 11959
6 2906 7527 3922
6 236 741 8686
6 8686 5529 236
6 1215 7532 218
6 6335 12509 33
6 6334 34 12510
6 2080 7540 2736
6 1658 5115 1611
6 8195 2515 11048
6 691 692 8579
6 692 12709 8579
6 7931 724 1559
6 11726 11647 2073
6 7680 996 5815
6 6176 7685 703
6 7962 7699 8
6 7766 234 4623
6 912 7861 232
6 233 12659 6571
6 927 710 4603
6 207 7747 190
6 1845 11045 4513
6 2245 4659 1016
6 1957 7758 1721
6 7477 2374 7759
6 2374 1957 7759
6 1721 7758 12667
6 4493 7772 3804
6 3804 7772 12668
6 6176 1721 4493
6 7773 255 7540
6 2736 5661 12718
6 7799 5529 1072
6 7800 10875 11186
6 1731 7801 3920
6 7163 1748 11241
6 2092 12440 5824
6 3324 7888 4052
6 12497 12543 2803
6 6582 12291 330
6 10731 1065 12693
6 2579 10731 12693
6 1761 12014 1561
6 7925 11111 1667
6 10264 7925 1667
6 6409 11947 1767
6 192 1767 7957
6 1698 4659 7931
6 642 2659 9017
6 2068 4978 9015
6 8030 1806 4660
6 1771 5054 7942
6 7957 204 192
6 6717 7407 1463
6 7973 7256 1513
6 2803 1112 11145
6 3943 887 6411
6 352 2378 1579
6 479 1546 1499
6 12480 2090 8019
6 2906 8029 11958
6 1806 5632 8031
6 2288 1084 10283
6 2786 8063 4052
6 190 691 10888
6 7747 691 190
6 1195 12558 8188
6 12557 1195 8188
6 8194 2514 4513
6 8194 11046 2514
6 8195 4512 2515
6 8196 11045 1845
6 8196 1845 5759
6 1845 4513 8197
6 1845 8197 4512
6 5698 1252 8207
6 4051 8211 1850
6 7398 1850 8213
6 221 345 5612
6 8579 189 8673
6 895 12749 11714
6 36 7604 7474
6 35 5678 7934
6 12062 2968 2696
6 2734 7931 4659
6 11650 1513 10867
6 8658 14 2073
6 917 3450 8661
6 2281 2282 10270
6 8673 2895 2702
6 2057 10300 1509
6 12498 12335 2622
6 8718 2904 1978
6 2915 1978 8719
6 8720 11975 1979
6 1899 10636 1979
6 3379 1979 8721
6 1979 2914 8721
6 1397 253 1436
6 4421 2611 11148
6 6792 5940 5762
6 192 204 1691
6 8656 1584 1604
6 905 8912 11706
6 8912 3090 2765
6 12505 7472 3400
6 12505 3400 2723
6 5302 11596 1004
6 8753 6827 998
6 905 11757 8912
6 12847 233 232
6 43 2999 6710
6 8844 4623 1636
6 8844 1636 7450
6 982 9040 7679
6 3314 2913 6578
6 1182 4607 1252
6 2765 3090 12749
6 8912 8950 3090
6 12492 12062 2204
6 11107 12062 12492
6 1604 12464 2522
6 11151 5843 882
6 736 1084 12843
6 321 6231 8991
6 321 8991 6664
6 9016 2068 5362
6 9017 11657 5361
6 2080 2736 9033
6 2080 9033 2999
6 12542 6723 20
6 7861 2280 10264
6 2280 11070 10264
6 7428 7920 2281
6 2282 7920 4605
6 2282 7519 10270
6 10271 1133 10787
6 1123 3889 10272
6 10272 1140 12135
6 11948 2562 2058
6 10779 5618 2288
6 2393 7405 7336
6 6164 3356 2294
6 221 5612 6184
6 905 882 11757
6 466 465 11950
6 2895 12852 2702
6 6491 7 8718
6 12061 6402 11
6 11 6491 11977
6 5043 6639 12
6 8720 12 11975
6 10380 1009 7306
6 732 6352 10734
6 734 10734 6134
6 728 6406 11977
6 8888 7256 7973
6 3734 12638 2475
6 11650 1118 486
6 1979 11975 2914
6 2724 3091 7912
6 467 10632 12440
6 10636 8 8720
6 6640 1433 277
6 12366 2374 4962
6 10642 1957 1721
6 10653 2378 5106
6 10653 1579 2378
6 5606 2102 5139
6 2548 11262 11146
6 12396 61 1253
6 7170 2388 686
6 2538 2968 12062
6 11107 2538 12062
6 483 12721 1113
6 5762 1191 1582
6 2801 1582 10907
6 2968 11571 2696
6 12017 1367 459
6 8104 2056 11648
6 2288 6799 10779
6 689 11669 12901
6 7404 10787 1119
6 1113 10788 1117
6 12228 10788 1126
6 1117 10788 12228
6 484 11649 1507
6 10801 2847 2437
6 2454 11933 6592
6 11933 2454 688
6 10851 2454 189
6 12543 3459 2803
6 3459 11044 2803
6 10854 2778 2086
6 10867 2641 1512
6 11700 6563 2188
6 2850 10876 1418
6 11977 1978 2915
6 5134 11703 2791
6 4603 10851 189
6 2475 6237 10906
6 10906 3734 2475
6 5368 5841 2111
6 6563 11648 2087
6 12480 8019 461
6 12721 11044 1113
6 1845 4512 12857
6 5759 1845 12857
6 4513 2514 11047
6 4512 12856 2515
6 3980 2515 12856
6 11049 1850 8211
6 11959 2516 11051
6 11052 6718 2516
6 2516 4524 11052
6 2517 11055 1463
6 2517 8212 11055
6 2058 2562 8982
6 3709 11070 2280
6 6232 2537 12402
6 11107 460 2538
6 2538 6402 12061
6 6421 2371 10630
6 5787 6358 11115
6 10693 3889 6258
6 11619 11124 197
6 197 11124 7957
6 1611 12455 5476
6 10603 466 11950
6 1565 1298 1297
6 11625 1 11141
6 10633 3670 11141
6 11148 2611 11264
6 11151 2551 5843
6 7647 341 335
6 10935 5106 5362
6 11147 2553 5361
6 2553 11157 10935
6 2596 11242 7165
6 7165 4657 855
6 7973 1513 1523
6 2454 6592 189
6 1188 12809 5725
6 12809 5931 7509
6 11173 3350 4678
6 11180 2565 9016
6 9015 4978 3878
6 6678 4656 855
6 4627 2596 7165
6 687 686 12018
6 1273 3804 12668
6 218 7532 6358
6 704 7421 12012
6 5939 4601 11233
6 4601 7517 11233
6 1502 12733 11235
6 11243 2596 4627
6 11246 471 4062
6 11246 11394 471
6 7068 11250 3882
6 2548 4421 11262
6 4421 11263 2611
6 2538 12061 2968
6 6500 6277 2095
6 2551 2743 873
6 464 2102 6277
6 2102 464 4788
6 1310 2624 10292
6 7471 3458 2624
6 2624 3458 12544
6 5109 2624 12544
6 2071 1715 1734
6 12847 873 233
6 873 11652 233
6 11977 6491 1978
6 11392 1502 4001
6 11393 464 12027
6 11394 467 6788
6 10632 467 11394
6 11948 11795 994
6 207 4738 12901
6 12901 7747 207
6 3899 4507 337
6 2551 11565 2743
6 6794 1274 1298
6 3888 11649 7125
6 6133 61 7783
6 736 5617 1084
6 5617 10283 1084
6 8686 5617 736
6 11571 1310 2696
6 62 11582 12361
6 5824 12440 10632
6 10888 2702 12852
6 8579 8673 2702
6 7957 2706 7941
6 11947 2706 1767
6 2706 11947 5054
6 2711 11595 1001
6 4594 11595 2711
6 11814 2711 11596
6 1579 2514 10592
6 746 2198 745
6 11265 198 1056
6 220 345 221
6 12505 2723 11624
6 7472 6461 11113
6 7925 8641 11111
6 2724 11627 3091
6 2724 2764 11627
6 1545 4670 10559
6 1239 12474 1216
6 11630 723 204
6 461 11644 7570
6 461 8019 11644
6 12465 2343 2562
6 7711 9033 2736
6 1143 5934 1309
6 6134 10734 1321
6 2736 7540 5661
6 11652 2743 3790
6 873 2743 11652
6 2743 11565 7408
6 4660 8029 2906
6 5533 4551 3318
6 3790 2743 7408
6 8190 5948 3476
6 5948 12557 3476
6 3476 12557 8188
6 459 2213 10727
6 5618 18 11729
6 11700 2286 12544
6 7206 2764 11702
6 5133 6529 2764
6 11703 7206 2791
6 2765 234 7766
6 12749 234 2765
6 2765 3450 11706
6 11706 8912 2765
6 7766 5634 8661
6 2773 3090 12279
6 2777 4950 11723
6 2777 11723 7756
6 11841 7756 11723
6 2778 11726 7381
6 11814 4594 2711
6 2786 4052 11744
6 7250 5465 11750
6 11750 4978 2565
6 5254 3273 7605
6 11180 5254 2565
6 6305 5134 2791
6 11754 2764 7206
6 11754 5133 2764
6 2791 7206 11755
6 2791 11755 13
6 11757 882 875
6 11757 875 8950
6 683 194 193
6 11773 6768 1501
6 11778 5762 2801
6 7519 1666 12018
6 4605 7920 7157
6 12721 1112 2803
6 2803 11044 12721
6 2807 4530 12402
6 1435 12062 2696
6 3457 12542 8758
6 2706 7957 1767
6 6565 11842 2850
6 2850 11842 10876
6 10876 6367 6591
6 11843 11912 5633
6 741 6338 11886
6 2778 10854 2094
6 1555 3470 40
6 7772 1570 7170
6 2388 1570 10680
6 7170 1570 2388
6 2562 11773 1501
6 2562 11948 938
6 2437 11840 5273
6 1462 6716 11051
6 1463 11055 1415
6 8673 6592 2895
6 7931 1559 1698
6 2288 10283 1807
6 11956 4660 2906
6 4660 1806 11957
6 1806 8031 11957
6 2516 11959 4524
6 737 11162 1312
6 6592 5725 2895
6 1861 12074 11970
6 11970 2913 3314
6 3409 11972 2913
6 2913 11972 6578
6 11975 6565 2914
6 11724 4950 2777
6 2914 11841 8721
6 3273 2915 8719
6 4001 1507 11980
6 11980 1512 2641
6 7421 11669 689
6 9032 7773 7540
6 11794 995 980
6 2807 11794 980
6 12012 7421 4656
6 12012 4656 6678
6 2427 1561 5886
6 6305 2791 13
6 6305 13 6135
6 954 459 12027
6 10727 12027 459
6 148 6305 6135
6 1309 148 6135
6 7699 5043 8
6 460 4917 6402
6 6500 10785 463
6 12074 3409 2913
6 12074 2913 11970
6 2058 11795 11948
6 10271 3888 1130
6 3888 5470 1130
6 2071 11648 6563
6 1000 10379 8753
6 7745 2085 7382
6 10823 1546 483
6 1658 1611 7473
6 11726 2090 11647
6 1564 1021 1296
6 1021 1564 8656
6 6489 1123 12135
6 10272 12135 1123
6 10271 10787 1118
6 8212 5757 11055
6 1511 6608 2465
6 7336 2465 1083
6 1436 6231 7390
6 2591 1436 12092
6 3450 916 7737
6 1561 7473 1593
6 6176 4493 1265
6 8950 12279 3090
6 2773 12749 3090
6 7912 3091 12280
6 12280 3091 8641
6 11627 12281 3091
6 3091 12281 10630
6 12530 12286 5
6 3928 12291 6184
6 11151 901 11565
6 6565 6805 11842
6 1433 6640 1069
6 2739 11650 10867
6 5939 22 12496
6 8758 12496 22
6 3273 8719 12342
6 3273 12342 7605
6 11714 12749 2773
6 5362 2068 2659
6 2068 9015 2659
6 2565 4978 9016
6 2195 6156 2188
6 3295 12361 3290
6 5360 209 3295
6 5360 3882 246
6 694 3292 5519
6 694 5882 3292
6 5882 5042 1266
6 2847 11150 5742
6 11757 8950 8912
6 215 12368 1215
6 12368 215 3359
6 3909 11722 1720
6 5055 12168 6639
6 6699 6805 1885
6 3790 7408 6522
6 12386 11970 3314
6 6578 11972 6334
6 2968 12061 11571
6 12387 3890 12465
6 3295 3290 11231
6 2060 8658 11647
6 2706 5054 1771
6 7941 2706 1771
6 2522 2247 1604
6 1488 3882 12693
6 11145 3262 12509
6 1195 4601 12883
6 12883 4601 5939
6 197 3339 11619
6 1232 1764 12464
6 1309 3350 12443
6 11173 12443 3350
6 4062 11644 8019
6 4984 12368 3359
6 764 3414 11719
6 12733 12508 12403
6 4507 2522 12464
6 479 12721 483
6 3379 12472 7450
6 3379 8721 12472
6 6461 11071 7451
6 12479 747 5682
6 12480 461 7962
6 6237 5368 1098
6 5843 12481 2475
6 2475 12481 6237
6 11044 10788 1113
6 462 12492 7726
6 462 11107 12492
6 6827 7680 5815
6 10266 1587 1298
6 12852 2895 5725
6 745 2198 7965
6 1397 1436 1489
6 3297 5120 6708
6 2846 10 11624
6 12501 12497 1305
6 12543 12498 2622
6 5571 12499 1734
6 33 246 3882
6 12502 35 5933
6 35 12502 6232
6 7958 9 7
6 7 9 11626
6 36 668 7604
6 8982 2562 2343
6 722 693 29
6 6298 7474 29
6 8656 1604 1021
6 7680 11293 996
6 11755 5161 13
6 5161 8104 13
6 6333 7516 14
6 11571 11 3801
6 6406 3801 11
6 738 6429 9007
6 1720 1666 7519
6 12074 9032 3409
6 3409 5221 11972
6 4738 5610 2427
6 12361 11582 3290
6 471 7570 11644
6 223 4689 8969
6 7758 7169 12667
6 1731 3920 5307
6 4594 10379 11595
6 5948 791 4601
6 1084 5618 12843
6 8212 4514 11049
6 209 62 12372
6 3099 12286 12530
6 12464 2248 214
6 1507 10823 484
6 3297 11959 11051
6 11706 3450 7737
6 12544 3458 1715
6 11619 10800 11124
6 125 1367 12017
6 486 1513 11650
6 6794 5476 212
6 1367 5004 737
6 5951 12539 3474
6 12558 5951 3474
6 12558 3474 8188
6 3478 6129 8205
6 3480 5698 8207
6 170 3480 8209
6 11151 11565 2551
6 2622 11293 3459
6 3471 7335 11596
6 683 684 12613
6 11070 7925 10264
6 3295 12372 12361
6 11115 52 48
6 3734 6388 12638
6 12463 12025 1530
6 212 1274 6794
6 12371 3295 11231
6 12371 5360 3295
6 206 12014 1761
6 12659 11652 3790
6 12659 3961 6571
6 7408 11565 6306
6 337 5450 7416
6 464 6277 6500
6 462 460 11107
6 6767 460 462
6 4493 1721 12667
6 2076 2102 5428
6 11626 11702 2724
6 7912 11626 2724
6 10710 11111 2371
6 6452 11112 2541
6 6571 3961 920
6 5531 1565 1584
6 2073 14 6799
6 486 7738 1513
6 11959 12861 4524
6 9015 3878 12391
6 3295 209 12372
6 2749 5519 6640
6 10636 8720 1979
6 10300 1502 11392
6 10636 12505 11624
6 3909 7756 11722
6 1720 11722 6591
6 12664 7451 4623
6 8844 7450 4950
6 12502 5933 6709
6 12709 4603 189
6 8579 12709 189
6 7801 7795 3920
6 7800 5307 7773
6 7527 12714 3922
6 12714 6699 3922
6 11956 3922 12715
6 3922 3945 12715
6 11958 6367 7527
6 12718 7711 2736
6 11649 1512 1507
6 11393 4788 464
6 2060 12480 7962
6 10906 12640 3734
6 3471 1001 1085
6 12286 6421 10630
6 2057 2465 7336
6 12693 3882 11250
6 12387 6768 482
6 11956 12715 671
6 12715 3945 671
6 3945 1187 671
6 12733 1500 11235
6 1579 1321 2514
6 11669 705 692
6 7747 12901 11669
6 2078 5824 7382
6 6388 2773 12279
6 1344 2773 6388
6 6411 11714 2773
6 1344 6411 2773
6 12640 6413 3734
6 6388 875 12638
6 6411 887 11714
6 11957 1273 8029
6 4001 11980 11392
6 4001 11235 1546
6 1546 10823 4001
6 1065 824 1488
6 1488 824 6335
6 11246 10632 11394
6 747 12479 10283
6 982 6723 1465
6 1141 10889 5757
6 1580 2515 3980
6 5476 6794 1587
6 11157 731 10935
6 4051 5940 8211
6 4524 7398 8213
6 9016 5362 729
6 11744 4052 322
6 7888 322 4052
6 8063 12783 4052
6 12399 4052 12783
6 6664 8063 2786
6 7199 3920 1575
6 3920 7795 1575
6 7795 324 4061
6 7186 4061 324
6 2094 11246 4062
6 7438 3801 6406
6 11293 1124 3459
6 2102 2076 5139
6 746 12436 2199
6 741 10675 5617
6 8888 12503 8072
6 12392 7739 5533
6 1086 7335 3471
6 11162 737 7457
6 12463 2428 11719
6 3324 4052 12399
6 7888 3324 12400
6 3324 7416 12400
6 691 8579 2702
6 2999 9033 6710
6 199 7685 6176
6 2517 4514 8212
6 2517 11053 4514
6 5521 11626 7912
6 4623 7451 1636
6 2371 3091 10630
6 2094 11726 2778
6 7218 1883 6708
6 6638 471 2227
6 1297 2248 1584
6 11146 11262 7942
6 11147 11263 4421
6 1187 1462 4486
6 1188 6717 1463
6 4423 4486 126
6 4423 2474 6717
6 1794 2388 10680
6 2749 12391 3878
6 12391 277 12392
6 1309 12443 148
6 6710 9033 59
6 7711 59 9033
6 5533 2746 12392
6 6710 7604 668
6 672 6592 11933
6 3945 4810 5929
6 8031 5632 710
6 7517 6334 12510
6 7518 12509 6335
6 2378 352 6624
6 2378 6624 7438
6 2548 11146 11157
6 642 10935 5362
6 11148 11264 7941
6 589 9017 2659
6 10653 1321 1579
6 1502 11235 4001
6 2204 1435 11725
6 4659 1698 1016
6 7328 4483 7177
6 917 7920 7428
6 2474 11053 7407
6 126 4486 6718
6 5929 6716 1462
6 1187 5929 1462
6 12831 6717 5930
6 2801 10907 11779
6 2092 12038 12440
6 11393 12027 10727
6 4493 12667 7772
6 12668 7772 7170
6 11145 12509 21
6 21 12509 7518
6 2248 1604 1584
6 11886 6338 6295
6 1561 12014 5886
6 8197 12856 4512
6 12857 4512 8195
6 8195 11048 12501
6 8197 4513 171
6 4513 11047 171
6 11045 8194 4513
6 8196 5758 11045
6 8194 12500 11046
6 11049 8211 5756
6 4514 11053 8213
6 4524 8213 11052
6 12861 7398 4524
6 2075 2188 6563
6 1026 1564 11630
6 4601 791 7517
6 12497 21 1305
6 5109 12544 6429
6 4607 1305 21
6 3820 11625 11141
6 223 1239 346
6 7756 11841 1418
6 7772 12667 1570
6 2548 11147 4421
6 4537 10380 1137
6 6638 7570 471
6 5617 10675 747
6 1860 6421 3099
6 12500 7529 6135
6 1136 1133 4594
6 1136 4594 11814
6 5302 11814 11596
6 12508 1502 10300
6 10851 4603 710
6 705 4603 12709
6 10785 6767 462
6 1994 3457 8758
6 680 683 193
6 7739 2374 4551
6 4551 2374 7477
6 277 1433 7739
6 1305 1145 12501
6 5757 8212 1141
6 5756 8211 765
6 12664 4623 234
6 11242 4657 7165
6 7163 11241 4656
6 4607 6129 1252
6 5948 8190 791
6 2449 52 2246
6 7800 11186 1731
6 4627 11241 7539
6 1355 855 4657
6 4660 11957 8029
6 8031 6190 11957
6 11958 8029 6188
6 1367 737 1312
6 1519 8072 6608
6 4627 855 11241
6 4670 6566 6489
6 6176 10642 1721
6 2596 11243 11265
6 1102 19 11048
6 1102 12498 19
6 8209 4678 170
6 9028 12443 11173
6 3928 8969 7200
6 458 466 10603
6 486 1119 7738
6 1119 6258 7738
6 6195 1287 6234
6 5115 1216 1611
6 6195 6234 3318
6 6249 2611 12434
6 11264 2611 6249
6 3339 11265 1056
6 11243 198 11265
6 6249 11265 3339
6 197 6249 3339
6 12474 12455 1611
6 1587 1561 1593
6 8104 11648 2071
6 5612 1239 6184
6 2294 1056 6164
6 6156 5768 11700
