0 40 62 33
0 40 64 62
0 1979 1578 2232
0 1660 1553 2095
0 1431 2074 2075
0 801 64 2120
0 33 62 58
0 139 1976 72
0 58 38 33
0 1660 2095 804
0 954 45 824
0 1859 1295 954
0 884 1512 824
0 954 1295 1512
0 954 1512 803
0 1424 786 2233
0 2257 2075 2232
0 731 1184 1898
0 2246 1898 1184
0 2075 1979 2232
0 1859 1297 139
0 824 28 1859
0 1184 1311 2257
0 954 803 45
0 1800 40 2095
0 40 1800 64
0 1660 45 1553
0 2245 2067 2247
0 2258 2245 2247
0 1297 1859 28
0 28 72 1297
0 1297 76 139
0 489 1058 495
0 2073 1311 1976
0 1512 28 824
0 1295 28 1512
0 2073 1608 731
0 1664 2233 1404
0 731 1976 1311
0 786 1982 1979
0 1982 786 1424
0 1606 1982 1424
0 954 824 1859
0 2232 2246 1184
0 884 45 1660
0 1512 884 803
0 2232 1184 2257
0 884 1660 804
0 1609 1058 2258
0 1431 2246 1578
0 1979 1982 1578
0 1608 142 731
0 1981 1606 1424
0 2074 1606 1697
0 139 76 1608
0 76 142 1608
0 495 1058 1609
0 2233 1981 1424
0 1431 1578 1982
0 1553 45 804
0 45 884 824
0 1976 142 72
0 1664 2245 1981
0 1664 1981 2233
0 2073 139 1608
0 1184 731 1311
0 1898 1311 2073
0 731 1898 2073
0 1697 1606 1981
0 2066 1664 1404
0 139 72 1859
0 72 142 76
0 2074 1431 1982
0 2095 801 804
0 2120 1800 1553
0 2257 1311 1898
0 2074 1982 1606
0 803 884 804
0 2258 1404 2245
0 1578 2246 2232
0 2066 2245 1664
0 1898 2246 2257
0 2258 1058 2066
0 2075 2074 1979
0 40 801 2095
0 801 57 64
0 1295 1859 72
0 801 2120 804
0 2120 1553 804
0 804 45 803
0 64 1800 2120
0 2247 1609 2258
0 1295 72 28
0 1297 72 76
0 139 2073 1976
0 2066 1058 2067
0 2066 1404 2258
0 2247 2067 489
0 2066 2067 2245
0 2075 2257 2246
0 1976 731 142
0 2074 786 1979
0 786 2074 1697
0 1431 2075 2246
0 1800 2095 1553
0 33 38 54
0 33 801 40
0 489 2067 1058
0 801 33 57
0 33 54 57
0 62 64 57
0 62 54 58
0 62 57 54
1 454 465 466
1 454 466 462
1 453 455 2139
1 454 462 1582
1 1956 436 428
1 2157 987 436
1 475 447 1689
1 443 430 438
1 466 469 455
1 443 438 2157
1 443 2157 450
1 1661 439 987
1 1661 2157 438
1 439 2288 987
1 475 2158 1505
1 447 1505 1666
1 1661 2158 439
1 453 462 466
1 475 1689 2204
1 453 2204 1689
1 1666 1505 439
1 465 469 1601
1 447 475 1505
1 1601 466 465
1 2204 447 1666
1 465 455 469
1 2288 1661 438
1 438 987 2288
1 2158 1666 439
1 475 1666 2158
1 453 1689 462
1 1689 1582 462
1 1689 447 1582
1 436 987 438
1 2288 2158 1661
1 2157 1661 987
1 436 430 428
1 450 2157 436
1 450 436 1956
1 1582 2139 454
1 436 438 430
1 1505 2158 2288
1 1505 2288 439
1 454 2139 455
1 466 455 453
1 475 2204 1666
1 466 482 469
1 465 454 455
1 2139 2204 453
1 2204 2139 447
1 2139 1582 447
2 1868 25 48
2 2281 2046 1555
2 1581 2108 2048
2 68 67 48
2 1677 2166 353
2 56 61 29
2 1479 1055 182
2 145 540 1247
2 2044 1247 540
2 182 1055 1677
2 182 2166 1579
2 44 25 53
2 1919 53 1881
2 1641 1995 1534
2 2274 1581 2253
2 1881 53 25
2 71 51 29
2 68 44 67
2 2045 2275 2046
2 2236 717 2167
2 2167 717 2234
2 182 353 1942
2 2055 1942 353
2 717 2236 2148
2 1293 1995 2021
2 1343 2275 2045
2 1244 2235 61
2 1534 1995 1244
2 182 1579 1479
2 2234 1310 2167
2 540 1019 2044
2 2150 1628 1820
2 2150 1060 1964
2 2190 2150 1964
2 1964 2055 1147
2 1147 1942 1964
2 61 56 71
2 1958 717 2148
2 2044 51 71
2 2234 2148 2236
2 1060 2055 1964
2 1387 1260 2045
2 1260 1353 2045
2 2234 39 2148
2 1958 39 2234
2 2097 2150 1820
2 145 1247 56
2 2044 56 1247
2 1244 1995 1293
2 1293 66 1244
2 2235 66 976
2 1827 1260 1387
2 1820 1510 2097
2 2273 1296 540
2 540 1296 2155
2 34 1479 2168
2 1387 2281 1343
2 1868 1881 25
2 1820 1887 1637
2 1958 2148 34
2 717 1958 2234
2 1353 1827 1387
2 39 2168 1055
2 1827 1296 2273
2 2047 2253 2282
2 2281 2045 2046
2 1827 2155 1260
2 2108 2274 2047
2 1628 2097 1887
2 2150 1542 1059
2 1887 2097 1510
2 1353 1343 2045
2 1055 1479 34
2 39 1055 34
2 1827 1353 1296
2 2149 1529 2021
2 2044 145 51
2 1628 1059 1542
2 1244 71 1534
2 29 1534 71
2 976 66 2021
2 1555 2046 2274
2 2275 1555 2274
2 1244 66 2235
2 1296 1353 2155
2 2149 1310 2236
2 2149 1995 976
2 1579 2166 1677
2 2044 1019 2273
2 2235 1995 1641
2 56 2044 71
2 1820 1628 1887
2 2055 353 2166
2 1147 2055 2166
2 1510 1820 68
2 976 1310 2149
2 1510 1637 1887
2 1510 50 1637
2 50 1510 68
2 29 1641 1534
2 2235 1641 61
2 1958 34 2168
2 50 48 25
2 1353 1387 1343
2 1958 2168 39
2 44 53 67
2 1479 1579 2168
2 44 68 1637
2 1637 68 1820
2 1579 1677 1055
2 182 1677 353
2 50 25 44
2 1637 50 44
2 61 1641 29
2 2021 1529 2167
2 2167 976 2021
2 2155 1353 1260
2 2273 540 145
2 1827 2273 2155
2 2155 2273 1019
2 1244 61 71
2 145 2044 2273
2 70 1868 1919
2 1868 67 53
2 2274 2108 1581
2 1060 1059 2190
2 1942 2055 2190
2 1387 2045 2281
2 27 1919 1881
2 1919 1868 53
2 1310 2234 2236
2 1310 976 2167
2 67 1868 48
2 1542 2097 1628
2 34 2148 39
2 29 51 56
2 2274 2253 2275
2 2046 2275 2253
2 2190 1964 1942
2 1059 1628 2190
2 2156 2048 2108
2 2168 1579 1055
2 2149 2236 1529
2 2021 66 1293
2 1343 2281 2275
2 2275 2281 1555
2 540 2155 1019
2 2108 2047 2156
2 50 68 48
2 1529 2236 2167
2 2150 1059 1060
2 51 145 56
2 1995 2149 2021
2 1942 2166 182
2 2150 2190 1628
2 2166 1942 1147
2 2221 2156 2282
2 2047 2282 2156
2 1995 2235 976
2 2048 2156 2221
2 2253 2047 2046
2 2097 1542 2150
2 2282 2253 1581
2 2254 1581 2048
2 2282 2254 2221
2 1581 2254 2282
2 2055 1060 2190
2 2046 2047 2274
3 741 684 1685
3 741 2205 684
3 327 379 348
3 340 348 298
3 340 349 348
3 349 320 348
3 340 298 304
3 298 320 304
3 555 1657 2320
3 315 328 298
3 304 320 349
3 368 555 2320
3 1132 1699 2321
3 557 1298 1251
3 1298 451 1681
3 315 379 412
3 741 1506 2316
3 327 298 328
3 767 544 556
3 440 767 556
3 888 440 768
3 2321 1656 1314
3 2205 440 556
3 888 768 1766
3 1699 1653 2321
3 1653 1656 2321
3 1848 1730 1712
3 888 544 767
3 768 1848 1766
3 1848 768 929
3 440 432 929
3 459 859 460
3 468 460 859
3 557 1048 1685
3 400 1685 1048
3 368 429 555
3 429 368 1551
3 1215 859 464
3 451 2298 1132
3 2316 556 544
3 2316 544 432
3 451 1298 400
3 741 1685 400
3 400 1436 741
3 1669 1215 468
3 440 888 767
3 684 2205 556
3 2298 1048 1251
3 1314 1656 444
3 468 1215 464
3 1098 557 1685
3 1436 557 1098
3 1699 448 1653
3 1927 448 1699
3 444 1350 1678
3 460 1350 444
3 1848 888 1730
3 2321 1314 435
3 435 1314 1927
3 391 2004 1516
3 2004 1426 434
3 434 1679 2004
3 391 1516 434
3 1516 1679 434
3 1516 2318 1679
3 1370 1712 1730
3 1718 2317 1516
3 2317 2318 1516
3 1730 888 659
3 1719 1370 659
3 406 1712 1370
3 544 929 432
3 741 2316 432
3 429 2320 1426
3 1927 1314 448
3 351 412 423
3 1681 451 1132
3 1350 464 1678
3 555 1850 391
3 391 1850 2004
3 741 1436 1506
3 1506 1098 1467
3 429 2001 2320
3 1426 2320 1657
3 1551 425 2001
3 425 1551 423
3 429 1850 555
3 429 1551 2001
3 435 2319 1251
3 1681 1251 1298
3 435 1251 1681
3 859 459 464
3 448 444 1678
3 464 459 1678
3 451 400 1048
3 1712 406 2005
3 1551 368 423
3 460 464 1350
3 460 468 464
3 481 859 1215
3 1426 1657 434
3 684 1098 1685
3 684 1467 1098
3 468 859 1669
3 1718 2005 406
3 1516 2004 1994
3 1653 448 459
3 379 298 348
3 1298 1436 400
3 459 460 1656
3 1132 2298 1699
3 555 391 1657
3 557 1436 1298
3 429 1426 1850
3 1678 459 448
3 2004 1850 1426
3 459 1656 1653
3 929 544 888
3 435 1681 1132
3 1994 2004 1679
3 460 444 1656
3 434 1657 391
3 1436 1098 1506
3 768 440 929
3 1848 1712 1766
3 1994 1679 2005
3 2318 1719 2005
3 1719 659 1766
3 1048 557 1251
3 448 1314 444
3 1994 2005 1718
3 2317 406 1370
3 1718 406 2317
3 1719 2317 1370
3 1994 1718 1516
3 1370 1730 659
3 328 376 379
3 684 556 1467
3 741 432 2205
3 2316 1506 1467
3 2298 2319 1699
3 2319 2298 1251
3 425 412 376
3 425 423 412
3 451 1048 2298
3 412 379 376
3 327 328 379
3 327 348 320
3 435 1927 2319
3 406 2318 2317
3 406 2317 1719
3 406 1719 2318
3 1766 2005 1719
3 1699 2319 1927
3 351 367 376
3 315 298 379
3 376 328 315
3 412 376 315
3 376 412 351
3 1712 2005 1766
3 2205 432 440
3 2318 2005 1679
3 368 351 423
3 659 888 1766
3 2001 425 367
3 376 367 425
3 298 327 320
3 367 351 368
3 1848 929 888
3 2316 1467 556
3 367 368 2001
3 435 1132 2321
3 2320 2001 368
4 2290 614 905
4 143 73 135
4 65 42 60
4 65 55 63
4 2090 2311 403
4 1690 2113 925
4 143 59 73
4 1992 1554 1472
4 2299 565 2071
4 2299 1554 565
4 134 1756 2112
4 31 857 2291
4 55 65 36
4 65 31 36
4 1675 1053 2310
4 2023 2310 1053
4 2312 905 614
4 2024 2090 645
4 73 59 32
4 2313 1090 926
4 2329 1325 649
4 143 730 1756
4 945 2291 857
4 730 1194 1756
4 2113 800 1407
4 937 2112 1756
4 2024 645 905
4 925 1974 1690
4 2311 956 905
4 1016 2092 32
4 1773 1016 32
4 925 2113 1407
4 2330 46 1302
4 2299 2071 1644
4 2024 956 841
4 26 1229 2310
4 1472 565 1992
4 2072 2111 1309
4 2024 905 956
4 2090 2312 1076
4 1090 2312 926
4 2329 2312 1090
4 706 913 1053
4 2027 2061 2092
4 26 2062 1229
4 1137 635 1610
4 937 1756 2071
4 1674 913 706
4 706 2025 1674
4 947 649 2063
4 1407 30 43
4 1185 55 36
4 1185 36 37
4 1974 1623 800
4 913 1144 2030
4 1554 1992 2068
4 2070 1993 1992
4 1993 2068 1992
4 1233 2031 2203
4 1229 2025 706
4 1780 1835 961
4 1229 1556 2025
4 730 143 2112
4 2112 143 135
4 645 2090 2290
4 2290 2090 1076
4 1992 565 2070
4 1674 2063 1776
4 961 1835 2203
4 1013 46 2330
4 851 46 1013
4 1302 806 852
4 1419 2063 1674
4 26 806 1302
4 2072 1309 2069
4 1325 1776 649
4 1407 800 1623
4 1364 1564 2328
4 2328 1013 1364
4 1013 2330 1364
4 852 806 1442
4 2309 935 1384
4 2330 1302 852
4 1974 800 1690
4 2063 1419 2030
4 2062 1442 2023
4 2071 1756 1194
4 649 947 926
4 1468 2028 935
4 1835 2028 1468
4 1325 2313 1776
4 847 1564 2026
4 972 1993 1480
4 1137 1690 590
4 925 1407 43
4 1309 1480 1993
4 635 63 55
4 26 1302 1517
4 2062 26 1517
4 1517 46 852
4 1690 1546 2113
4 1610 635 55
4 2203 2031 961
4 2068 2070 1554
4 1229 2023 1556
4 1564 784 2026
4 60 945 857
4 635 37 63
4 1974 30 1623
4 972 2068 1993
4 1407 1623 30
4 851 852 46
4 1776 1144 1674
4 961 1627 1780
4 1627 1233 1780
4 1137 1610 1546
4 1364 851 1564
4 1013 2328 784
4 784 1627 961
4 2070 2068 972
4 1564 1013 784
4 1442 1517 852
4 1229 1675 2310
4 1644 2071 1194
4 1517 1302 46
4 1674 1144 913
4 706 1053 1675
4 1229 706 1675
4 2031 784 961
4 800 590 1690
4 2113 590 800
4 1546 590 2113
4 937 1644 1194
4 2330 852 851
4 2299 1472 1554
4 2023 1053 1556
4 2330 851 1364
4 2070 565 1554
4 1627 847 1233
4 1233 847 2031
4 847 2026 2031
4 2331 1963 2091
4 2091 841 2093
4 1076 2312 2329
4 1891 2308 2309
4 1776 2063 649
4 134 59 143
4 2311 905 403
4 1384 935 2028
4 847 2328 1564
4 2028 1891 1384
4 2024 841 2091
4 2313 947 1144
4 35 60 42
4 1690 1137 1546
4 31 2308 35
4 857 65 60
4 60 35 945
4 2027 2094 2093
4 2112 1194 730
4 2025 2030 1419
4 905 645 2290
4 841 906 2093
4 1776 2313 1144
4 1194 2112 937
4 2090 1963 2311
4 2203 1468 935
4 2091 1963 2024
4 2112 135 134
4 134 143 1756
4 2029 922 2025
4 1891 2291 945
4 2061 2027 906
4 2063 2030 947
4 926 947 2313
4 2025 1556 2029
4 2290 649 926
4 2061 52 2092
4 52 2061 906
4 926 614 2290
4 2300 2072 972
4 2069 1309 1993
4 1993 2070 2069
4 2027 2092 1016
4 2025 922 2030
4 2062 2023 1229
4 2027 2093 906
4 2024 1963 2090
4 2092 73 32
4 2329 649 2290
4 52 2094 1773
4 784 2031 2026
4 2300 2111 492
4 1309 2111 1480
4 784 2328 1627
4 2072 2069 972
4 972 2069 2070
4 1963 2331 2311
4 905 2312 403
4 63 37 42
4 65 63 42
4 2062 1517 1442
4 1419 1674 2025
4 1773 2094 2027
4 2093 2094 2091
4 1773 2027 1016
4 2028 2291 1891
4 1835 1468 2203
4 65 857 31
4 851 1013 1564
4 972 1480 2300
4 2111 2300 1480
4 2329 1090 2313
4 2090 403 2312
4 26 2310 806
4 945 35 2308
4 35 42 31
4 2331 2091 2094
4 42 37 36
4 2331 906 841
4 841 956 2311
4 1442 806 2310
4 841 2311 2331
4 2312 614 926
4 935 1780 1233
4 2328 847 1627
4 913 2029 1053
4 913 922 2029
4 906 2331 2094
4 1144 947 2030
4 1556 1053 2029
4 2310 2023 1442
4 913 2030 922
4 52 906 2094
4 2309 1384 1891
4 2290 1076 2329
4 2313 1325 2329
4 42 36 31
4 2308 1891 945
4 935 1233 2203
5 419 342 1940
5 189 169 589
5 1466 2085 640
5 427 2241 2240
5 1428 1892 1671
5 2255 1971 287
5 885 891 2085
5 168 589 169
5 1020 131 133
5 2260 1389 1895
5 1466 299 834
5 891 2244 299
5 2085 1663 754
5 1892 1114 2315
5 2240 1683 1432
5 321 288 1089
5 657 721 686
5 927 686 721
5 1622 422 716
5 1622 716 2315
5 665 682 1715
5 805 927 662
5 805 686 927
5 679 708 641
5 818 805 662
5 809 721 740
5 740 433 2244
5 682 665 679
5 716 827 1888
5 2315 716 1888
5 1888 1671 2315
5 679 927 682
5 745 641 1888
5 658 433 740
5 1714 927 679
5 721 657 740
5 1282 422 708
5 745 818 662
5 745 1282 818
5 827 1282 745
5 665 1715 708
5 927 1714 662
5 665 708 679
5 809 740 2244
5 1714 679 641
5 657 805 658
5 805 682 658
5 740 657 658
5 843 1282 708
5 827 716 422
5 641 708 422
5 805 818 1715
5 657 686 805
5 745 662 1714
5 641 745 1714
5 843 708 1715
5 843 1715 818
5 827 422 1282
5 843 818 1282
5 189 170 169
5 1033 1020 177
5 344 419 754
5 1535 2100 321
5 891 885 2244
5 891 1663 2085
5 809 834 433
5 299 1663 891
5 809 885 834
5 885 809 2244
5 2085 1466 885
5 809 433 927
5 461 456 1941
5 1499 177 345
5 1892 427 1114
5 1759 1114 427
5 461 1027 456
5 2007 456 1027
5 344 342 419
5 1089 288 1590
5 427 1892 2241
5 1355 288 321
5 1300 330 1355
5 2007 1889 445
5 445 463 456
5 131 1020 1033
5 170 168 1397
5 983 457 1941
5 457 461 1941
5 133 170 160
5 192 589 168
5 168 189 192
5 1397 168 128
5 457 983 463
5 255 1633 260
5 2118 424 419
5 894 219 233
5 345 177 1020
5 1316 1290 483
5 463 983 1290
5 219 223 1167
5 1167 223 233
5 1889 457 445
5 271 260 1633
5 463 1290 1316
5 1894 1683 2240
5 513 894 1358
5 1301 1358 223
5 457 463 445
5 2239 1027 461
5 189 200 1646
5 1432 1389 1890
5 1448 1941 1316
5 189 589 200
5 1759 1428 1622
5 1888 641 1428
5 128 133 131
5 754 419 424
5 894 233 1358
5 2009 2307 254
5 1448 1316 483
5 271 287 1089
5 1940 1300 1600
5 168 169 128
5 1759 1617 1428
5 1889 1882 2239
5 1723 255 1395
5 1089 287 1535
5 1895 1389 2006
5 169 170 128
5 1395 246 1301
5 189 168 170
5 513 1906 894
5 1723 1565 1498
5 219 200 233
5 1941 456 463
5 1617 1892 1428
5 1662 1395 255
5 1300 1355 321
5 513 1358 246
5 1020 133 160
5 288 1971 1590
5 754 640 2085
5 287 1971 1535
5 1671 1892 2315
5 1940 1600 330
5 1906 1301 223
5 1301 1906 1395
5 2100 288 1355
5 641 422 1622
5 1633 2307 1629
5 170 1397 160
5 1629 2307 287
5 1629 287 271
5 1600 1300 321
5 260 271 2255
5 1723 1395 1565
5 1662 254 1498
5 1089 1590 271
5 1638 1027 1895
5 1638 1895 1882
5 2307 2009 260
5 170 133 128
5 1662 1498 246
5 2009 255 260
5 1498 1906 513
5 1565 1906 1498
5 1622 1428 641
5 2118 1940 330
5 1428 1671 1888
5 1895 2239 2260
5 219 1167 192
5 2100 1600 321
5 223 1358 233
5 834 2244 433
5 1301 246 1358
5 2239 1895 1027
5 246 1395 1662
5 254 2307 1633
5 834 299 2244
5 1397 128 131
5 1600 1355 330
5 809 927 721
5 1646 200 219
5 461 457 1889
5 1672 424 2118
5 1432 2261 1389
5 1890 2261 2259
5 1432 1683 2261
5 1617 1894 2241
5 1617 2241 1892
5 1940 342 1300
5 1600 2100 1355
5 1941 463 1316
5 2260 1890 1389
5 1723 1498 254
5 1466 1663 299
5 1590 1971 2255
5 1565 1395 1906
5 255 1723 1633
5 2118 419 1940
5 1300 342 330
5 427 1894 1759
5 834 885 1466
5 233 200 1167
5 1683 2259 2261
5 2239 1882 2260
5 2260 2008 2006
5 344 1672 2118
5 2118 342 344
5 1759 1622 2315
5 2255 271 1590
5 424 640 754
5 1089 1535 321
5 1535 1971 2100
5 1466 640 1663
5 1033 1397 131
5 445 456 2007
5 1759 2315 1114
5 1646 192 189
5 1889 2239 461
5 2118 330 342
5 192 1167 589
5 1759 1894 1617
5 1389 2261 2006
5 1895 2006 2008
5 1498 513 246
5 2255 2307 260
5 2240 2241 1894
5 1889 2007 1882
5 1890 2240 1432
5 2240 2259 427
5 1888 827 745
5 2259 2240 1890
5 589 1167 200
5 2008 1882 1895
5 1638 2007 1027
5 1633 1629 271
5 255 2009 1662
5 2009 254 1662
5 2006 2261 1890
5 2006 1890 2260
5 2008 2260 1882
5 2007 1638 1882
5 427 2259 1683
5 1448 983 1941
5 287 2307 2255
5 288 2100 1971
5 1646 219 192
5 1397 1033 160
5 640 1672 1663
5 254 1633 1723
5 754 1663 1672
5 427 1683 1894
5 754 1672 344
5 424 1672 640
6 520 371 1335
6 1589 1966 148
6 399 1799 1412
6 395 989 387
6 1443 2278 2279
6 1532 1999 218
6 297 1990 710
6 760 1333 517
6 148 301 1589
6 967 1475 441
6 2222 301 148
6 774 505 1072
6 529 1504 149
6 1183 520 1335
6 2219 964 588
6 301 797 1589
6 1799 1332 1412
6 2219 2277 195
6 1422 2208 1953
6 1102 572 1488
6 1294 383 572
6 306 610 577
6 1085 1427 577
6 577 1105 1725
6 1272 577 1725
6 24 1504 529
6 1486 1799 399
6 172 195 1734
6 964 224 609
6 1858 2209 2141
6 1725 1223 1803
6 520 180 760
6 149 190 2222
6 774 771 505
6 520 710 371
6 653 1197 387
6 1488 572 1327
6 1589 797 522
6 2169 840 1085
6 1587 301 774
6 1589 840 2169
6 1447 193 156
6 1977 785 286
6 1998 286 785
6 520 760 710
6 498 497 1805
6 771 774 190
6 286 276 1435
6 395 909 989
6 2279 1796 975
6 2279 975 1447
6 938 1243 736
6 286 329 1977
6 1798 1261 898
6 909 228 989
6 1805 1352 710
6 840 1232 1085
6 1589 522 840
6 1224 875 1141
6 1734 2277 2276
6 1531 1532 1050
6 1050 1532 218
6 732 187 919
6 1223 1725 1105
6 890 826 1335
6 881 2143 363
6 237 940 1857
6 1111 572 383
6 1805 497 1352
6 1447 156 1953
6 409 498 1254
6 324 957 2151
6 1332 1588 1221
6 1332 1799 1588
6 826 1412 1332
6 1061 1333 180
6 180 1333 760
6 294 1998 881
6 881 363 294
6 155 156 1004
6 1966 1589 2169
6 383 329 1111
6 1587 774 1072
6 1588 1798 1061
6 1588 1261 1798
6 710 760 297
6 1447 975 193
6 1304 1127 285
6 1497 1111 329
6 1803 1004 1151
6 1587 898 301
6 505 1032 1127
6 1032 285 1127
6 1332 1221 180
6 940 237 193
6 1382 522 1588
6 1587 1072 1346
6 1511 881 1998
6 1511 1998 2265
6 1243 1171 736
6 919 610 1449
6 1299 1488 1327
6 190 774 2222
6 1333 1131 517
6 1102 568 473
6 577 610 1105
6 919 1105 610
6 1261 1588 522
6 1332 180 1183
6 1061 1798 1333
6 1269 1333 1798
6 1183 1335 826
6 2140 2209 1977
6 1977 2209 1761
6 326 1274 441
6 1475 967 285
6 1304 285 967
6 1435 1449 1095
6 1485 890 1335
6 180 520 1183
6 2292 2265 1858
6 218 1734 2276
6 1346 1269 1587
6 441 1475 2141
6 898 797 301
6 1197 381 1476
6 496 938 736
6 736 1417 496
6 1080 1435 1095
6 760 517 297
6 1221 1061 180
6 1085 875 1224
6 1224 2169 1085
6 389 826 890
6 840 522 1232
6 938 478 1243
6 1299 1327 1243
6 881 2140 2143
6 1254 381 653
6 1990 381 1254
6 496 1257 1925
6 1261 522 797
6 1111 389 1327
6 1327 389 890
6 1131 1333 1269
6 826 389 277
6 1412 826 277
6 1085 577 1272
6 1085 1272 875
6 1332 1183 826
6 2219 588 1532
6 2277 1443 2276
6 1171 890 736
6 1171 1327 890
6 1004 1374 1151
6 736 1460 1417
6 228 476 874
6 1761 2209 1858
6 155 1004 1803
6 1080 1095 277
6 1095 399 277
6 2222 774 301
6 326 2264 1274
6 276 1857 1435
6 1232 522 1382
6 1386 1511 2262
6 306 1232 1382
6 1799 1382 1588
6 399 1412 277
6 1080 286 1435
6 371 1257 1417
6 1422 1953 1997
6 989 653 387
6 1427 306 577
6 306 1427 1232
6 875 23 1141
6 1725 23 875
6 1261 797 898
6 284 505 1304
6 1460 371 1417
6 1460 1335 371
6 1497 389 1111
6 1587 1269 1798
6 1197 1476 1304
6 473 472 1102
6 505 771 1032
6 874 1254 653
6 1131 284 1476
6 771 609 1032
6 771 964 609
6 1803 23 1725
6 1803 1151 23
6 736 890 1485
6 736 1485 1460
6 1102 1488 568
6 957 324 2109
6 653 989 874
6 187 1223 919
6 277 389 1497
6 478 568 1488
6 478 1488 1299
6 478 1299 1243
6 1386 2140 1511
6 881 1511 2140
6 653 381 1197
6 940 193 732
6 975 732 193
6 1449 940 732
6 1080 1497 329
6 286 1080 329
6 297 381 1990
6 1486 306 1382
6 1417 1257 496
6 2109 1274 2264
6 1486 399 610
6 1486 610 306
6 1588 1061 1221
6 381 297 517
6 1476 381 517
6 1072 284 1346
6 1072 505 284
6 975 1572 732
6 1243 1327 1171
6 1328 383 1294
6 1977 1761 785
6 2109 2264 957
6 228 874 989
6 1131 1269 1346
6 284 1131 1346
6 732 919 1449
6 1004 1205 1374
6 1447 2276 2279
6 1327 572 1111
6 732 1572 187
6 1328 1294 1842
6 1304 1476 284
6 1997 187 1572
6 1997 155 187
6 155 1803 187
6 2262 326 2142
6 1475 1858 2141
6 1435 940 1449
6 940 1435 1857
6 517 1131 1476
6 1127 1304 505
6 975 1796 1572
6 1223 187 1803
6 156 1205 1004
6 1223 1105 919
6 2151 1475 285
6 1925 1352 497
6 1587 1798 898
6 2278 1443 2219
6 1427 1085 1232
6 957 2264 2151
6 224 964 195
6 1796 1422 1997
6 1998 785 1761
6 476 409 874
6 1966 24 148
6 498 1805 1254
6 1257 1352 1925
6 1796 1997 1572
6 1102 1294 572
6 1532 2278 2219
6 2151 285 324
6 2209 2140 1386
6 1449 610 1095
6 1999 1952 172
6 1734 195 2277
6 1485 1335 1460
6 1531 2280 2278
6 964 771 190
6 1952 190 149
6 1952 588 190
6 1102 472 1294
6 172 1734 1999
6 441 2109 967
6 967 1197 1304
6 710 1990 1805
6 329 383 2143
6 1532 1952 1999
6 218 1999 1734
6 1796 2208 1422
6 156 1997 1953
6 156 155 1997
6 1952 1532 588
6 2279 2276 1443
6 2109 387 967
6 387 1197 967
6 2140 1977 2143
6 1274 2109 441
6 387 2110 395
6 387 2109 2110
6 472 1842 1294
6 149 172 1952
6 1254 1805 1990
6 1799 1486 1382
6 399 1095 610
6 1272 1725 875
6 326 2293 2264
6 1796 1531 2208
6 2209 1386 2142
6 371 1352 1257
6 409 1254 874
6 277 1497 1080
6 329 2143 1977
6 2109 324 2110
6 395 2110 324
6 2142 1386 2262
6 363 2143 383
6 2262 1511 2265
6 363 383 1328
6 2219 195 964
6 2280 1531 1796
6 190 588 964
6 2278 1532 1531
6 2219 1443 2277
6 2279 2280 1796
6 2279 2278 2280
6 371 710 1352
6 2151 2293 2292
6 2293 2151 2264
6 1475 2151 1858
6 1858 2151 2292
6 1998 294 286
6 286 294 276
6 2265 1998 1761
6 1858 2265 1761
6 2293 326 2262
6 24 529 2222
6 24 2222 148
6 529 149 2222
6 2142 326 2141
6 2141 326 441
6 2142 2141 2209
6 2265 2292 2262
6 2262 2292 2293
