1 1031 1041 4175
1 4196 1031 4175
1 4196 4175 3790
1 3804 4196 3790
1 3804 3790 4605
1 3894 3804 4605
1 3894 4605 3795
1 3795 2132 3894
1 3894 2132 2056
1 2056 1937 3894
1 1809 3894 1937
1 1809 4034 3894
1 4034 3804 3894
1 4034 1613 3804
1 1613 1492 3804
1 1412 3804 1492
1 1313 3804 1412
1 3804 1313 1223
1 1141 3804 1223
1 1141 4196 3804
1 1141 1090 4196
1 4196 1090 1049
1 4196 1049 1031
1 4034 1725 1613
1 1809 1725 4034
1 1809 1725 4034
1 2217 2132 3795
1 3795 2284 2217
1 3795 2386 2284
1 2476 2386 3795
1 2476 3795 2555
1 2612 2555 3795
1 2612 3795 4155
1 2612 4155 2643
1 4155 2663 2643
1 2667 2663 4155
1 4043 2667 4155
1 3805 4043 4155
1 3805 4155 3795
1 4605 3805 3795
1 4605 1851 3805
1 3796 3805 1851
1 1851 3843 3796
1 3843 3973 3796
1 3796 3973 2097
1 3796 2097 2218
1 3796 2218 2355
1 3796 2355 2449
1 3796 2449 2522
1 3796 2522 2592
1 3796 2592 4043
1 3805 3796 4043
1 4043 2592 2644
1 4043 2644 2667
1 3973 1982 2097
1 3973 1852 1982
1 3843 1852 3973
1 3843 1726 1852
1 3843 1614 1726
1 1493 1614 3843
1 1493 3843 3988
1 1493 3988 1413
1 3988 1314 1413
1 1314 3988 1224
1 3988 4774 1224
1 1224 4774 1172
1 1172 4774 1112
1 1112 4774 1060
1 1041 1060 4774
1 4175 1041 4774
1 4175 4774 3790
1 3988 3790 4774
1 3988 3843 3790
1 3790 3843 1851
1 4605 3790 1851
1 3988 3790 4774
1 3988 3843 3790
1 3843 1852 3973
1 3790 3843 1851
1 3805 3796 4043
1 4605 3790 1851
1 3805 3796 4043
1 4043 2644 2667
1 3805 4155 3795
1 4605 3805 3795
1 4034 3804 3894
1 4605 3790 1851
1 1141 4196 3804
1 4175 4774 3790
1 4196 1049 1031
1 4175 1041 4774
2 207 204 205
2 215 207 205
2 205 220 215
2 220 230 215
2 215 230 247
2 215 247 225
2 215 225 207
2 218 207 225
2 241 218 225
2 225 245 241
2 245 270 241
2 241 270 302
2 241 302 281
2 252 241 281
2 281 305 252
2 252 305 244
2 252 244 218
2 218 241 252
2 211 218 244
2 211 244 238
2 211 238 219
2 204 211 219
2 208 204 219
2 208 219 226
2 226 227 208
2 227 221 208
2 208 221 205
2 208 205 204
2 205 221 220
2 237 220 221
2 237 221 239
2 239 273 237
2 237 273 268
2 268 283 237
2 251 237 283
2 251 283 292
2 251 292 262
2 251 262 230
2 251 230 220
2 251 220 237
2 247 230 262
2 247 262 288
2 247 288 285
2 247 285 245
2 247 245 225
2 245 285 270
2 270 285 299
2 270 299 338
2 270 338 302
2 302 338 373
2 302 373 335
2 281 302 335
2 281 335 305
2 305 335 360
2 347 305 360
2 402 347 360
2 423 402 360
2 423 360 387
2 387 459 423
2 459 484 423
2 478 423 484
2 478 484 602
2 478 602 540
2 478 540 472
2 478 472 402
2 402 423 478
2 402 472 406
2 402 406 347
2 347 406 361
2 347 361 300
2 305 347 300
2 300 244 305
2 300 272 244
2 238 244 272
2 282 238 272
2 319 282 272
2 319 272 300
2 319 300 361
2 319 361 388
2 319 388 340
2 340 282 319
2 303 282 340
2 339 303 340
2 339 340 393
2 339 393 413
2 339 413 400
2 350 339 400
2 350 400 396
2 350 396 336
2 336 293 350
2 306 350 293
2 306 293 261
2 306 261 267
2 303 306 267
2 267 282 303
2 238 282 267
2 229 238 267
2 229 267 261
2 229 261 246
2 226 229 246
2 248 226 246
2 287 248 246
2 287 246 286
2 287 286 330
2 337 287 330
2 330 377 337
2 377 385 337
2 337 385 397
2 362 337 397
2 362 397 428
2 415 362 428
2 494 415 428
2 523 494 428
2 428 464 523
2 523 464 564
2 564 630 523
2 523 630 580
2 494 523 580
2 580 595 494
2 504 494 595
2 3851 504 595
2 3851 595 641
2 3851 641 660
2 3851 660 614
2 3851 614 535
2 3851 535 461
2 3851 461 504
2 504 461 415
2 504 415 494
2 461 374 415
2 374 324 415
2 415 324 362
2 362 324 294
2 362 294 337
2 337 294 287
2 287 294 271
2 271 248 287
2 271 242 248
2 242 227 248
2 226 248 227
2 242 221 227
2 242 239 221
2 284 239 242
2 304 284 242
2 271 304 242
2 324 304 271
2 294 324 271
2 374 304 324
2 374 342 304
2 342 284 304
2 311 284 342
2 311 342 363
2 363 349 311
2 311 349 301
2 273 311 301
2 273 301 268
2 301 310 268
2 268 310 283
2 310 341 283
2 292 283 341
2 292 341 357
2 292 357 307
2 307 262 292
2 288 262 307
2 351 288 307
2 380 351 307
2 380 307 357
2 380 357 414
2 427 380 414
2 493 427 414
2 503 493 414
2 503 414 421
2 503 421 511
2 581 503 511
2 608 581 511
2 511 476 608
2 608 476 524
2 524 588 608
2 608 588 685
2 608 685 682
2 682 581 608
2 581 682 659
2 611 581 659
2 4157 611 659
2 4157 659 750
2 4123 4157 750
2 823 4123 750
2 881 823 750
2 846 881 750
2 750 3960 846
2 846 3960 682
2 682 747 846
2 747 4151 846
2 846 4151 908
2 846 908 881
2 1004 881 908
2 908 1005 1004
2 1005 1144 1004
2 1144 1169 1004
2 1169 1023 1004
2 1004 1023 881
2 823 881 1023
2 823 1023 935
2 823 935 812
2 823 812 735
2 823 735 4123
2 735 668 4123
2 668 4157 4123
2 668 611 4157
2 594 611 668
2 668 694 594
2 694 579 594
2 579 493 594
2 503 594 493
2 594 503 611
2 581 611 503
2 490 493 579
2 549 490 579
2 579 629 549
2 526 549 629
2 603 526 629
2 603 629 704
2 603 704 677
2 603 677 576
2 576 526 603
2 576 505 526
2 456 526 505
2 505 435 456
2 391 456 435
2 391 435 376
2 391 376 333
2 333 351 391
2 351 427 391
2 391 427 456
2 427 490 456
2 456 490 549
2 526 456 549
2 493 490 427
2 380 427 351
2 333 288 351
2 288 333 329
2 288 329 285
2 285 329 299
2 346 299 329
2 346 329 384
2 346 384 395
2 395 379 346
2 346 379 338
2 346 338 299
2 379 412 338
2 338 412 373
2 373 412 420
2 420 387 373
2 373 387 335
2 387 360 335
2 420 459 387
2 509 459 420
2 420 502 509
2 502 552 509
2 509 552 593
2 593 533 509
2 509 533 459
2 484 459 533
2 484 533 572
2 484 572 602
2 602 572 664
2 602 664 725
2 725 719 602
2 602 719 622
2 602 622 540
2 622 624 540
2 540 624 543
2 540 543 472
2 472 543 485
2 472 485 406
2 406 485 431
2 431 361 406
2 431 388 361
2 388 431 475
2 475 393 388
2 388 393 340
2 475 460 393
2 413 393 460
2 413 460 492
2 492 400 413
2 489 400 492
2 489 492 578
2 489 578 548
2 532 489 548
2 548 628 532
2 628 647 532
2 532 647 587
2 532 587 514
2 532 514 455
2 489 532 455
2 396 489 455
2 383 396 455
2 383 455 434
2 434 377 383
2 377 330 383
2 383 330 336
2 336 396 383
2 330 286 336
2 336 286 293
2 286 261 293
2 261 286 246
2 474 377 434
2 474 434 541
2 474 541 577
2 474 577 546
2 546 445 474
2 474 445 377
2 377 445 385
2 445 464 385
2 385 464 397
2 397 464 428
2 445 546 464
2 464 546 564
2 564 546 691
2 564 691 630
2 630 691 724
2 630 724 655
2 655 580 630
2 695 580 655
2 775 695 655
2 775 655 724
2 775 724 853
2 775 853 813
2 813 695 775
2 736 695 813
2 736 813 887
2 818 736 887
2 887 1044 818
2 818 1044 847
2 847 756 818
2 818 756 723
2 723 736 818
2 736 723 641
2 736 641 595
2 736 595 695
2 580 695 595
2 723 660 641
2 723 756 660
2 614 660 756
2 793 614 756
2 756 847 793
2 847 914 793
2 789 793 914
2 789 914 963
2 930 789 963
2 930 963 1089
2 952 930 1089
2 952 1089 1040
2 915 952 1040
2 1026 915 1040
2 1139 1026 1040
2 1139 1040 1215
2 1265 1139 1215
2 1427 1265 1215
2 1275 1427 1215
2 1190 1275 1215
2 1190 1215 1040
2 1190 1040 1089
2 1190 1089 1198
2 1190 1198 1275
2 1198 1383 1275
2 1383 1427 1275
2 1534 1427 1383
2 1487 1534 1383
2 1487 1383 1345
2 1488 1487 1345
2 1345 1347 1488
2 1475 1488 1347
2 1363 1475 1347
2 1347 1302 1363
2 1302 1216 1363
2 1363 1216 1282
2 1363 1282 1448
2 1363 1448 1524
2 1363 1524 1475
2 1524 1553 1475
2 1553 1625 1475
2 1625 1488 1475
2 1488 1625 1636
2 1612 1488 1636
2 1612 1636 1800
2 1612 1800 1677
2 1677 1534 1612
2 1612 1534 1487
2 1612 1487 1488
2 1677 1638 1534
2 1530 1534 1638
2 1638 1669 1530
2 1531 1530 1669
2 1669 1675 1531
2 1675 1543 1531
2 1543 1399 1531
2 1384 1531 1399
2 1384 1399 1265
2 1265 1427 1384
2 1530 1384 1427
2 1534 1530 1427
2 1531 1384 1530
2 1265 1399 1274
2 1265 1274 1149
2 1265 1149 1139
2 1139 1149 1019
2 1139 1019 1026
2 1026 1019 915
2 909 915 1019
2 859 909 1019
2 859 1019 921
2 3859 859 921
2 3859 921 951
2 809 3859 951
2 951 836 809
2 685 809 836
2 747 685 836
2 747 836 875
2 747 875 4151
2 3986 4151 875
2 953 3986 875
2 953 875 1006
2 1006 4017 953
2 4017 4145 953
2 4145 3994 953
2 953 3994 3986
2 3986 3994 922
2 3986 922 4151
2 4151 922 908
2 908 922 1005
2 1005 922 1053
2 1005 1053 1145
2 1005 1145 1144
2 1144 1145 1306
2 1294 1144 1306
2 1294 1306 1408
2 1404 1294 1408
2 1404 1408 1532
2 1532 1588 1404
2 1404 1588 1538
2 1404 1538 1463
2 1463 1335 1404
2 1335 1294 1404
2 1335 1169 1294
2 1144 1294 1169
2 1335 1165 1169
2 1169 1165 1023
2 1071 1023 1165
2 1195 1071 1165
2 1252 1195 1165
2 1335 1252 1165
2 1343 1252 1335
2 1335 1463 1343
2 1463 1424 1343
2 1301 1343 1424
2 1387 1301 1424
2 1387 1424 1516
2 1486 1387 1516
2 1516 1609 1486
2 1486 1609 1593
2 1467 1486 1593
2 1593 1584 1467
2 1584 1572 1467
2 1467 1572 1400
2 1467 1400 1357
2 1467 1357 1373
2 1373 1486 1467
2 1486 1373 1387
2 1264 1387 1373
2 1357 1264 1373
2 1264 1357 1189
2 1189 1045 1264
2 1195 1264 1045
2 1195 1045 1081
2 1195 1081 1071
2 1071 1081 934
2 935 1071 934
2 934 812 935
2 897 812 934
2 1081 897 934
2 1081 1045 897
2 897 1045 1014
2 1014 825 897
2 825 774 897
2 812 897 774
2 812 774 694
2 812 694 735
2 694 668 735
2 774 733 694
2 733 579 694
2 629 579 733
2 733 704 629
2 795 704 733
2 825 795 733
2 825 733 774
2 825 892 795
2 778 795 892
2 878 778 892
2 892 989 878
2 878 989 976
2 976 970 878
2 878 970 814
2 878 814 778
2 677 778 814
2 804 677 814
2 970 804 814
2 962 804 970
2 962 970 1084
2 962 1084 960
2 962 960 854
2 962 854 804
2 804 854 718
2 804 718 662
2 804 662 677
2 662 576 677
2 662 575 576
2 505 576 575
2 505 575 473
2 505 473 435
2 435 473 375
2 376 435 375
2 376 375 329
2 376 329 333
2 375 384 329
2 444 384 375
2 444 375 473
2 473 513 444
2 444 513 463
2 444 463 384
2 384 463 395
2 463 488 395
2 450 395 488
2 536 450 488
2 536 488 607
2 607 666 536
2 502 536 666
2 552 502 666
2 697 552 666
2 749 697 666
2 749 666 788
2 749 788 840
2 749 840 907
2 749 907 792
2 749 792 697
2 681 697 792
2 681 792 715
2 618 681 715
2 618 715 664
2 618 664 572
2 533 618 572
2 618 533 593
2 618 593 681
2 697 681 593
2 593 552 697
2 835 664 715
2 827 835 715
2 792 827 715
2 827 792 933
2 933 918 827
2 918 835 827
2 835 918 965
2 835 965 842
2 725 835 842
2 868 725 842
2 931 868 842
2 931 842 965
2 1123 931 965
2 1123 965 1064
2 1123 1064 1227
2 1292 1123 1227
2 1227 1364 1292
2 1292 1364 1402
2 1292 1402 1435
2 1266 1292 1435
2 1266 1435 1389
2 1293 1266 1389
2 1293 1389 1326
2 1326 1188 1293
2 1188 1095 1293
2 1136 1293 1095
2 1136 1095 959
2 1136 959 1022
2 1156 1136 1022
2 1156 1022 1123
2 1292 1156 1123
2 1266 1156 1292
2 1266 1136 1156
2 1266 1293 1136
2 1022 931 1123
2 1022 868 931
2 1022 858 868
2 868 858 719
2 868 719 725
2 858 806 719
2 806 717 719
2 717 622 719
2 622 717 624
2 624 717 686
2 624 686 553
2 624 553 543
2 485 543 553
2 553 522 485
2 522 431 485
2 522 475 431
2 522 567 475
2 567 510 475
2 510 460 475
2 460 510 610
2 460 610 492
2 492 610 620
2 578 492 620
2 578 620 693
2 654 578 693
2 654 693 755
2 654 755 709
2 628 654 709
2 709 647 628
2 709 777 647
2 777 676 647
2 587 647 676
2 676 661 587
2 661 541 587
2 587 541 514
2 541 434 514
2 455 514 434
2 577 541 661
2 577 661 663
2 577 663 678
2 546 577 678
2 546 678 691
2 691 678 779
2 779 724 691
2 724 779 808
2 724 808 853
2 808 917 853
2 964 853 917
2 917 1065 964
2 1122 964 1065
2 1122 1065 1196
2 1196 1253 1122
2 1122 1253 1166
2 1166 1024 1122
2 936 1122 1024
2 936 1024 887
2 936 887 813
2 936 813 894
2 936 894 1122
2 1122 894 964
2 894 853 964
2 813 853 894
2 813 853 894
2 887 1024 1044
2 1044 1024 1125
2 1125 1076 1044
2 1044 1076 973
2 1044 973 847
2 973 914 847
2 914 973 1054
2 1101 914 1054
2 1155 1101 1054
2 1155 1054 1076
2 1155 1076 1302
2 1347 1155 1302
2 1184 1155 1347
2 1345 1184 1347
2 1345 1198 1184
2 1198 1101 1184
2 1184 1101 1155
2 1089 1101 1198
2 1101 1089 963
2 914 1101 963
2 1198 1345 1383
2 1184 1101 1155
2 1302 1076 1216
2 1125 1216 1076
2 1216 1125 1282
2 1125 1213 1282
2 1213 1405 1282
2 1282 1405 1448
2 1600 1448 1405
2 1405 1554 1600
2 1737 1600 1554
2 1737 1554 1723
2 1723 1810 1737
2 1810 1862 1737
2 1737 1862 1676
2 1600 1737 1676
2 1600 1676 1524
2 1448 1600 1524
2 1685 1524 1676
2 1685 1676 1864
2 1864 1740 1685
2 1685 1740 1625
2 1625 1553 1685
2 1553 1524 1685
2 1740 1755 1625
2 1636 1625 1755
2 1755 1800 1636
2 1890 1800 1755
2 1740 1890 1755
2 1740 1877 1890
2 1996 1890 1877
2 2020 1996 1877
2 2020 1877 1864
2 2020 1864 2043
2 2156 2020 2043
2 2156 2043 2074
2 2074 2239 2156
2 2239 2223 2156
2 2223 2158 2156
2 2156 2158 2020
2 1996 2020 2158
2 1996 2158 2007
2 1890 1996 2007
2 1890 2007 1962
2 1890 1962 1800
2 1884 1800 1962
2 1962 4082 1884
2 4082 2066 1884
2 3879 1884 2066
2 3879 2066 2137
2 3879 2137 3880
2 1971 3879 3880
2 3918 1971 3880
2 3864 3918 3880
2 3911 3864 3880
2 1998 3911 3880
2 1998 3880 2134
2 3999 1998 2134
2 2143 3999 2134
2 2143 2134 2285
2 2285 2336 2143
2 3832 2143 2336
2 2336 4158 3832
2 4158 2184 3832
2 4150 3832 2184
2 4037 4150 2184
2 2249 4037 2184
2 2249 2184 4158
2 2393 2249 4158
2 4158 2402 2393
2 2393 2402 2524
2 2393 2524 2438
2 2286 2393 2438
2 2334 2286 2438
2 2438 2453 2334
2 2453 2337 2334
2 2210 2334 2337
2 2337 2222 2210
2 2222 2093 2210
2 2093 2057 2210
2 2057 2168 2210
2 2210 2168 3998
2 2210 3998 2286
2 2334 2210 2286
2 2286 3998 2249
2 2286 2249 2393
2 3998 4037 2249
2 3998 2168 4037
2 2168 2065 4037
2 4037 2065 4150
2 4150 2065 1973
2 3832 4150 1973
2 1973 2012 3832
2 3832 2012 2143
2 3999 2143 2012
2 2012 3857 3999
2 3890 3999 3857
2 3868 3890 3857
2 1783 3868 3857
2 1875 1783 3857
2 1875 3857 2012
2 1875 2012 1973
2 1815 1875 1973
2 1973 1905 1815
2 1905 1741 1815
2 1741 1687 1815
2 1815 1687 1875
2 1687 1783 1875
2 1687 1675 1783
2 1783 1675 3853
2 3887 1783 3853
2 3853 3907 3887
2 3887 3907 3916
2 3887 3916 1783
2 1783 3916 3868
2 3868 3916 3909
2 3868 3909 3884
2 3890 3868 3884
2 3890 3884 3883
2 3890 3883 1998
2 3999 3890 1998
2 1998 3883 3911
2 3911 3883 3920
2 3920 3873 3911
2 3911 3873 3864
2 3873 3925 3864
2 3925 3928 3864
2 3864 3928 3917
2 3917 3918 3864
2 3914 3918 3917
2 3914 3917 3899
2 3934 3914 3899
2 3934 3899 3895
2 3934 3895 3919
2 3866 3934 3919
2 3919 3908 3866
2 3896 3866 3908
2 3891 3896 3908
2 3891 3908 3933
2 4149 3891 3933
2 3933 3910 4149
2 3910 3929 4149
2 4149 3929 3912
2 3912 3905 4149
2 4149 3905 3891
2 3907 3891 3905
2 3916 3907 3905
2 3909 3916 3905
2 3909 3905 3912
2 3920 3909 3912
2 3920 3912 3873
2 3912 3929 3873
2 3873 3929 3925
2 3910 3925 3929
2 3910 3895 3925
2 3895 3928 3925
2 3895 3899 3928
2 3928 3899 3917
2 3919 3895 3910
2 3933 3919 3910
2 3908 3919 3933
2 3884 3909 3920
2 3883 3884 3920
2 3907 3896 3891
2 3907 3889 3896
2 3896 3889 1892
2 3896 1892 3866
2 1892 3879 3866
2 3866 3879 3886
2 3934 3866 3886
2 3886 3914 3934
2 3886 1971 3914
2 3914 1971 3918
2 3886 3879 1971
2 3886 3879 1971
2 3879 1892 3882
2 1884 3879 3882
2 3882 1780 1884
2 1780 1800 1884
2 1677 1800 1780
2 1677 1780 1746
2 1638 1677 1746
2 1746 3853 1638
2 1669 1638 3853
2 1669 3853 1675
2 1746 3882 3853
2 3882 3889 3853
2 3853 3889 3907
2 3882 1892 3889
2 1746 1780 3882
2 1746 1780 3882
2 1746 1780 3882
2 3882 1892 3889
2 3882 1892 3889
2 3853 3889 3907
2 3909 3905 3912
2 3912 3929 3873
2 3910 3925 3929
2 3933 3919 3910
2 4149 3905 3891
2 3908 3919 3933
2 3907 3896 3891
2 3896 1892 3866
2 3908 3919 3933
2 3934 3866 3886
2 3919 3895 3910
2 3895 3899 3928
2 3886 3914 3934
2 3928 3899 3917
2 3914 1971 3918
2 3928 3899 3917
2 3895 3928 3925
2 3873 3929 3925
2 3920 3912 3873
2 3883 3884 3920
2 3883 3884 3920
2 3884 3909 3920
2 3909 3916 3905
2 3916 3907 3905
2 3853 3889 3907
2 3887 3916 1783
2 1669 3853 1675
2 1543 1675 1687
2 1543 1687 1607
2 1543 1607 1399
2 1399 1607 1499
2 1399 1499 1361
2 1399 1361 1274
2 1194 1274 1361
2 1361 1197 1194
2 1197 1107 1194
2 1194 1107 1063
2 1194 1063 1149
2 1194 1149 1274
2 1149 1063 1019
2 1063 921 1019
2 921 1063 951
2 951 1063 1107
2 1006 951 1107
2 1006 1107 1134
2 1134 4017 1006
2 1134 4145 4017
2 1134 1170 4145
2 4145 1170 1053
2 4145 1053 3994
2 3994 1053 922
2 1170 1145 1053
2 1170 1248 1145
2 1306 1145 1248
2 1392 1306 1248
2 1392 1248 1346
2 1392 1346 1504
2 1392 1504 1580
2 1392 1580 1490
2 1392 1490 1306
2 1490 1408 1306
2 1532 1408 1490
2 1580 1532 1490
2 1532 1580 1617
2 1532 1617 1588
2 1617 1661 1588
2 1661 1775 1588
2 1588 1775 1728
2 1666 1588 1728
2 1666 1728 1861
2 1666 1861 1718
2 1666 1718 1621
2 1666 1621 1538
2 1666 1538 1588
2 1463 1538 1621
2 1424 1463 1621
2 1621 1516 1424
2 1621 1609 1516
2 1718 1609 1621
2 1609 1718 1754
2 1609 1754 1701
2 1593 1609 1701
2 1686 1593 1701
2 1797 1686 1701
2 1803 1797 1701
2 1701 1754 1803
2 1893 1803 1754
2 1860 1893 1754
2 1718 1860 1754
2 1861 1860 1718
2 1860 1861 1986
2 1860 1986 2045
2 1893 1860 2045
2 2045 2051 1893
2 2010 1893 2051
2 2010 2051 2161
2 2116 2010 2161
2 2228 2116 2161
2 2307 2228 2161
2 2307 2161 2198
2 2307 2198 2288
2 2307 2288 2416
2 2416 2331 2307
2 2307 2331 2228
2 2241 2228 2331
2 2331 2404 2241
2 2363 2241 2404
2 2404 2471 2363
2 2471 2374 2363
2 2363 2374 2255
2 2255 2247 2363
2 2247 2241 2363
2 2247 2125 2241
2 2241 2125 2116
2 2228 2241 2116
2 2116 2125 2027
2 2017 2116 2027
2 2017 2027 1904
2 1904 1898 2017
2 2010 2017 1898
2 2010 1898 1803
2 2010 1803 1893
2 1898 1797 1803
2 1898 1904 1797
2 1795 1797 1904
2 1795 1904 1909
2 1791 1795 1909
2 1791 1909 1915
2 1791 1915 1789
2 1791 1789 1668
2 1795 1791 1668
2 1795 1668 1673
2 1673 1797 1795
2 1686 1797 1673
2 1584 1686 1673
2 1572 1584 1673
2 1668 1572 1673
2 1572 1668 1512
2 1400 1572 1512
2 1330 1400 1512
2 1330 1512 1443
2 1323 1330 1443
2 1443 1440 1323
2 1318 1323 1440
2 1318 1440 1439
2 1318 1439 1322
2 1205 1318 1322
2 1322 1217 1205
2 1096 1205 1217
2 1115 1096 1217
2 1115 1217 1238
2 1131 1115 1238
2 1238 1262 1131
2 1131 1262 1157
2 1131 1157 1027
2 987 1131 1027
2 1027 916 987
2 987 916 843
2 826 987 843
2 843 708 826
2 708 690 826
2 690 764 826
2 764 860 826
2 974 826 860
2 968 974 860
2 968 860 854
2 968 854 960
2 1082 968 960
2 1084 1082 960
2 1084 1203 1082
2 1203 1205 1082
2 1082 1205 1096
2 968 1082 1096
2 974 968 1096
2 1115 974 1096
2 974 1115 987
2 826 974 987
2 987 1115 1131
2 1318 1205 1203
2 1203 1323 1318
2 1210 1323 1203
2 1084 1210 1203
2 1210 1084 1097
2 1097 1219 1210
2 1323 1210 1219
2 1330 1323 1219
2 1219 1231 1330
2 1231 1400 1330
2 1357 1400 1231
2 1231 1189 1357
2 1116 1189 1231
2 1231 1219 1116
2 1116 1219 1097
2 1116 1097 976
2 989 1116 976
2 989 1014 1116
2 1189 1116 1014
2 1045 1189 1014
2 989 892 1014
2 1014 892 825
2 1097 970 976
2 1097 1084 970
2 1189 1116 1014
2 1231 1219 1116
2 1116 1219 1097
2 1097 1084 970
2 1323 1210 1219
2 1084 1210 1203
2 968 1082 1096
2 854 860 764
2 718 854 764
2 635 718 764
2 635 764 690
2 635 690 563
2 635 563 513
2 635 513 575
2 718 635 575
2 662 718 575
2 473 575 513
2 563 463 513
2 488 463 563
2 563 547 488
2 488 547 607
2 607 547 627
2 679 607 627
2 732 679 627
2 708 732 627
2 708 627 690
2 627 563 690
2 627 547 563
2 708 843 732
2 843 916 732
2 916 773 732
2 679 732 773
2 679 773 734
2 734 666 679
2 666 607 679
2 734 788 666
2 851 788 734
2 773 851 734
2 851 773 942
2 851 942 981
2 851 981 1020
2 851 1020 896
2 851 896 788
2 788 896 840
2 945 840 896
2 945 896 1020
2 1120 945 1020
2 1221 1120 1020
2 1020 981 1221
2 981 1080 1221
2 1221 1080 1241
2 1221 1241 1311
2 1270 1221 1311
2 1385 1270 1311
2 1385 1311 1527
2 1527 1537 1385
2 1537 1419 1385
2 1419 1270 1385
2 1270 1419 1333
2 1270 1333 1257
2 1270 1257 1168
2 1120 1270 1168
2 1120 1168 945
2 945 1168 1003
2 907 945 1003
2 1003 1075 907
2 1075 933 907
2 933 792 907
2 1075 1039 933
2 1039 918 933
2 1039 1069 918
2 918 1069 1064
2 918 1064 965
2 1185 1064 1069
2 1185 1069 1191
2 1185 1191 1271
2 1185 1271 1299
2 1299 1227 1185
2 1185 1227 1064
2 1364 1227 1299
2 1364 1299 1476
2 1498 1364 1476
2 1498 1476 1574
2 1498 1574 1526
2 1526 1402 1498
2 1402 1364 1498
2 1402 1526 1435
2 1526 1563 1435
2 1563 1525 1435
2 1435 1525 1389
2 1452 1389 1525
2 1452 1525 3855
2 1550 1452 3855
2 1550 3855 1709
2 1709 1581 1550
2 1434 1550 1581
2 1581 1470 1434
2 1470 1327 1434
2 1434 1327 1304
2 1304 1447 1434
2 1447 1550 1434
2 1447 1452 1550
2 1447 1326 1452
2 1326 1389 1452
2 1447 1300 1326
2 1300 1188 1326
2 1300 1088 1188
2 1088 1095 1188
2 1088 1002 1095
2 927 1095 1002
2 1002 829 927
2 806 927 829
2 717 806 829
2 717 829 686
2 686 829 751
2 686 751 665
2 553 686 665
2 553 665 639
2 553 639 522
2 639 567 522
2 646 567 639
2 646 639 746
2 698 646 746
2 780 698 746
2 780 746 845
2 845 841 780
2 841 722 780
2 780 722 698
2 698 722 610
2 610 646 698
2 646 610 567
2 567 610 510
2 610 722 667
2 667 620 610
2 693 620 667
2 693 667 761
2 811 693 761
2 761 857 811
2 893 811 857
2 893 857 958
2 1070 893 958
2 958 1072 1070
2 1211 1070 1072
2 1072 1212 1211
2 1211 1212 1342
2 1342 1222 1211
2 1070 1211 1222
2 1222 1025 1070
2 1070 1025 893
2 893 1025 986
2 852 893 986
2 852 986 966
2 852 966 824
2 824 755 852
2 811 852 755
2 811 755 693
2 811 893 852
2 709 755 824
2 794 709 824
2 794 824 891
2 794 891 777
2 794 777 709
2 869 777 891
2 975 869 891
2 975 891 988
2 988 1109 975
2 1109 1087 975
2 975 1087 969
2 869 975 969
2 869 969 855
2 760 869 855
2 759 760 855
2 856 759 855
2 856 855 961
2 856 961 971
2 856 971 861
2 856 861 765
2 856 765 759
2 759 765 663
2 663 661 759
2 661 760 759
2 760 661 676
2 676 777 760
2 777 869 760
2 663 765 678
2 678 765 779
2 779 765 861
2 861 885 779
2 779 885 808
2 808 885 917
2 885 990 917
2 990 1015 917
2 1015 1065 917
2 1015 1159 1065
2 1065 1159 1196
2 1196 1159 1276
2 1312 1196 1276
2 1276 1388 1312
2 1312 1388 1425
2 1312 1425 1358
2 1312 1358 1253
2 1312 1253 1196
2 1253 1358 1213
2 1213 1166 1253
2 1166 1213 1125
2 1166 1125 1024
2 1358 1405 1213
2 1405 1358 1464
2 1554 1405 1464
2 1464 1622 1554
2 1554 1622 1723
2 1622 1806 1723
2 1806 1889 1723
2 1889 1810 1723
2 1862 1810 1889
2 1889 1974 1862
2 1863 1862 1974
2 1974 2043 1863
2 1864 1863 2043
2 1863 1864 1676
2 1676 1862 1863
2 2074 2043 1974
2 2054 2074 1974
2 1889 2054 1974
2 1889 1987 2054
2 2054 1987 2077
2 2054 2077 2171
2 2054 2171 2221
2 2054 2221 2074
2 2074 2221 2239
2 2239 2221 2385
2 2239 2385 2391
2 2239 2391 2223
2 2381 2223 2391
2 2533 2381 2391
2 2533 2391 2553
2 2675 2533 2553
2 2675 2553 2697
2 2809 2675 2697
2 2809 2697 2802
2 2809 2802 2927
2 2945 2809 2927
2 2945 2927 3048
2 3054 2945 3048
2 3048 3140 3054
2 3054 3140 3142
2 3054 3142 3030
2 3030 2963 3054
2 3054 2963 2945
2 2945 2963 2830
2 2945 2830 2809
2 2693 2809 2830
2 2693 2830 2733
2 2561 2693 2733
2 2561 2733 2673
2 2525 2561 2673
2 2673 2600 2525
2 2600 2426 2525
2 2426 2384 2525
2 2525 2384 2340
2 2525 2340 2561
2 2340 2381 2561
2 2561 2381 2533
2 2561 2533 2693
2 2675 2693 2533
2 2809 2693 2675
2 2340 2233 2381
2 2381 2233 2223
2 2158 2223 2233
2 2216 2158 2233
2 2340 2216 2233
2 2340 2269 2216
2 2269 2147 2216
2 2147 2007 2216
2 2216 2007 2158
2 2007 2147 4082
2 2007 4082 1962
2 2147 2172 4082
2 2172 2066 4082
2 2066 2172 2137
2 2137 2172 2275
2 2137 2275 2134
2 3880 2137 2134
2 2303 2134 2275
2 2405 2303 2275
2 2405 2275 2426
2 2405 2426 2507
2 2405 2507 2534
2 2432 2405 2534
2 2503 2432 2534
2 2534 2738 2503
2 2689 2503 2738
2 2805 2689 2738
2 2903 2805 2738
2 2903 2738 2785
2 2870 2903 2785
2 2870 2785 2776
2 2776 2823 2870
2 2823 2959 2870
2 2986 2870 2959
2 3076 2986 2959
2 3128 3076 2959
2 3128 2959 3030
2 3142 3128 3030
2 3128 3142 3224
2 3128 3224 3221
2 3221 3161 3128
2 3128 3161 3076
2 3076 3161 3160
2 3078 3076 3160
2 3160 3105 3078
2 2983 3078 3105
2 3105 3055 2983
2 2949 2983 3055
2 2949 3055 3009
2 2949 3009 2873
2 2833 2949 2873
2 2833 2873 2744
2 2744 2700 2833
2 2833 2700 2775
2 2833 2775 2881
2 2881 2949 2833
2 2949 2881 2983
2 2903 2983 2881
2 2881 2805 2903
2 2775 2805 2881
2 2805 2775 2689
2 2678 2689 2775
2 2775 2700 2678
2 2521 2678 2700
2 2521 2700 2599
2 2521 2599 2402
2 2422 2521 2402
2 2336 2422 2402
2 2336 2402 4158
2 2285 2422 2336
2 2422 2285 2432
2 2422 2432 2503
2 2422 2503 2552
2 2521 2422 2552
2 2521 2552 2678
2 2552 2689 2678
2 2503 2689 2552
2 2503 2689 2552
2 2432 2285 2303
2 2432 2303 2405
2 2303 2285 2134
2 2521 2422 2552
2 2524 2402 2599
2 2599 2655 2524
2 2524 2655 2585
2 2524 2585 2438
2 2453 2438 2585
2 2585 2617 2453
2 2453 2617 2556
2 2453 2556 2425
2 2337 2453 2425
2 2321 2337 2425
2 2321 2425 2479
2 2479 2372 2321
2 2321 2372 2202
2 2202 2222 2321
2 2337 2321 2222
2 2202 2091 2222
2 2222 2091 2093
2 2091 2003 2093
2 2093 2003 2057
2 1923 2057 2003
2 1923 2003 1840
2 1870 1923 1840
2 1739 1870 1840
2 1739 1840 1734
2 1739 1734 1580
2 1739 1580 1604
2 1724 1739 1604
2 1724 1604 1598
2 1724 1598 1695
2 1724 1695 1777
2 1724 1777 1870
2 1724 1870 1739
2 1777 1905 1870
2 1905 1970 1870
2 1970 1923 1870
2 2057 1923 1970
2 2057 1970 2168
2 2168 1970 2065
2 1970 1905 2065
2 1905 1973 2065
2 1970 1905 2065
2 1905 1777 1741
2 1741 1777 1695
2 1741 1695 1637
2 1741 1637 1607
2 1607 1687 1741
2 1637 1499 1607
2 1637 1484 1499
2 1499 1484 1361
2 1484 1315 1361
2 1361 1315 1197
2 1197 1315 1134
2 1197 1134 1107
2 1315 1251 1134
2 1170 1134 1251
2 1248 1170 1251
2 1251 1346 1248
2 1315 1346 1251
2 1315 1460 1346
2 1504 1346 1460
2 1504 1460 1598
2 1504 1598 1604
2 1580 1504 1604
2 1484 1598 1460
2 1484 1460 1315
2 1637 1598 1484
2 1695 1598 1637
2 1484 1460 1315
2 1315 1346 1251
2 1484 1460 1315
2 1637 1598 1484
2 1695 1598 1637
2 1741 1777 1695
2 1695 1598 1637
2 1504 1598 1604
2 1724 1870 1739
2 1580 1504 1604
2 1580 1734 1617
2 1734 1779 1617
2 1779 1661 1617
2 1661 1779 1775
2 1880 1775 1779
2 1779 1840 1880
2 1880 1840 2003
2 1880 2003 2091
2 2091 1929 1880
2 1929 1775 1880
2 1775 1929 1728
2 1728 1929 1936
2 1728 1936 1861
2 1986 1861 1936
2 1986 1936 2050
2 1986 2050 2160
2 1986 2160 2176
2 1986 2176 2045
2 2176 2051 2045
2 2176 2198 2051
2 2051 2198 2161
2 2288 2198 2176
2 2288 2176 2308
2 2288 2308 2434
2 2434 2416 2288
2 2416 2434 2567
2 2416 2567 2493
2 2331 2416 2493
2 2404 2331 2493
2 2404 2493 2573
2 2471 2404 2573
2 2573 2589 2471
2 2485 2471 2589
2 2608 2485 2589
2 2716 2608 2589
2 2589 2690 2716
2 2790 2716 2690
2 2790 2690 2657
2 2765 2790 2657
2 2722 2765 2657
2 2722 2657 2567
2 2722 2567 2584
2 2584 2772 2722
2 2828 2722 2772
2 2864 2828 2772
2 2801 2864 2772
2 2684 2801 2772
2 2684 2772 2584
2 2496 2684 2584
2 2496 2584 2434
2 2496 2434 2308
2 2496 2308 2323
2 2496 2323 2451
2 2575 2496 2451
2 2575 2451 2479
2 2575 2479 2556
2 2575 2556 2662
2 2684 2575 2662
2 2684 2662 2801
2 2808 2801 2662
2 2808 2662 2698
2 2808 2698 2797
2 2918 2808 2797
2 2918 2797 2873
2 2962 2918 2873
2 2873 3009 2962
2 3082 2962 3009
2 3082 3009 3055
2 3167 3082 3055
2 3167 3055 3105
2 3167 3105 3212
2 3167 3212 3263
2 3167 3263 3233
2 3167 3233 3159
2 3167 3159 3082
2 3159 3031 3082
2 3082 3031 2962
2 3031 2918 2962
2 3031 2956 2918
2 2918 2956 2808
2 2808 2956 2889
2 2808 2889 2801
2 2889 2864 2801
2 2889 2970 2864
2 2864 2970 2935
2 2828 2864 2935
2 2828 2935 2884
2 2828 2884 2765
2 2828 2765 2722
2 2765 2884 2790
2 2884 2821 2790
2 2821 2716 2790
2 2716 2821 2842
2 2735 2716 2842
2 2735 2842 2848
2 2848 2746 2735
2 2735 2746 2621
2 2608 2735 2621
2 2498 2608 2621
2 2502 2498 2621
2 2619 2502 2621
2 2619 2621 2746
2 2734 2619 2746
2 2734 2746 2848
2 2734 2848 2841
2 2827 2734 2841
2 2841 2938 2827
2 2921 2827 2938
2 3020 2921 2938
2 3020 2938 3040
2 3020 3040 3109
2 3145 3020 3109
2 3109 3219 3145
2 3243 3145 3219
2 3243 3219 3314
2 3314 3320 3243
2 3243 3320 3209
2 3243 3209 3145
2 3108 3145 3209
2 3108 3209 3120
2 3108 3120 3008
2 2996 3108 3008
2 2996 3008 2882
2 2921 2996 2882
2 2816 2921 2882
2 2788 2816 2882
2 2852 2788 2882
2 2882 3008 2852
2 2852 3008 2977
2 2852 2977 2896
2 2852 2896 2720
2 2720 2713 2852
2 2788 2852 2713
2 2713 2541 2788
2 2541 2571 2788
2 2651 2788 2571
2 2469 2651 2571
2 2571 2455 2469
2 2469 2455 2345
2 2469 2345 2362
2 2373 2469 2362
2 2373 2362 2250
2 2250 2376 2373
2 2376 2483 2373
2 2373 2483 2469
2 2677 2469 2483
2 2677 2483 2614
2 2677 2614 2734
2 2827 2677 2734
2 2677 2827 2816
2 2677 2816 2651
2 2469 2677 2651
2 2651 2816 2788
2 2816 2827 2921
2 2734 2614 2619
2 2619 2614 2500
2 2619 2500 2502
2 2379 2502 2500
2 2500 2376 2379
2 2257 2379 2376
2 2376 2250 2257
2 2144 2257 2250
2 2144 2250 2138
2 2144 2138 2037
2 2144 2037 2040
2 2144 2040 2146
2 2146 2259 2144
2 2257 2144 2259
2 2259 2379 2257
2 2377 2379 2259
2 2259 2255 2377
2 2377 2255 2374
2 2377 2374 2485
2 2485 2498 2377
2 2377 2498 2502
2 2379 2377 2502
2 2485 2608 2498
2 2485 2374 2471
2 2255 2259 2142
2 2255 2142 2140
2 2255 2140 2247
2 2125 2247 2140
2 2125 2140 2035
2 2027 2125 2035
2 2027 2035 1909
2 1904 2027 1909
2 2035 1915 1909
2 2038 1915 2035
2 2038 2035 2142
2 2146 2038 2142
2 2146 2142 2259
2 2146 2040 2038
2 2038 2040 1919
2 2038 1919 1915
2 1919 1789 1915
2 1789 1919 1736
2 1736 1620 1789
2 1789 1620 1668
2 1668 1620 1512
2 1512 1620 1443
2 1443 1620 1555
2 1443 1555 1440
2 1439 1440 1555
2 1555 1618 1439
2 1509 1439 1618
2 1509 1618 1664
2 1509 1664 1667
2 1509 1667 1511
2 1509 1511 1328
2 1322 1509 1328
2 1217 1322 1328
2 1217 1328 1341
2 1238 1217 1341
2 1341 1356 1238
2 1238 1356 1262
2 1262 1356 1371
2 1262 1371 1386
2 1262 1386 1241
2 1157 1262 1241
2 1080 1157 1241
2 4022 1157 1080
2 981 4022 1080
2 981 942 4022
2 4022 942 4041
2 4041 1157 4022
2 1027 1157 4041
2 916 1027 4041
2 4041 942 916
2 916 942 773
2 4041 942 916
2 4041 1157 4022
2 1241 1386 1311
2 1311 1386 1514
2 1311 1514 1527
2 1514 1616 1527
2 1634 1527 1616
2 1634 1616 1760
2 1634 1760 1807
2 1634 1807 1727
2 1634 1727 1403
2 1634 1403 1537
2 1634 1537 1527
2 1537 1403 1419
2 1419 1403 1333
2 1407 1333 1403
2 1551 1407 1403
2 1708 1551 1403
2 1708 1403 1727
2 1811 1708 1727
2 1807 1811 1727
2 1811 1807 1886
2 1886 1949 1811
2 1811 1949 1813
2 1708 1811 1813
2 1611 1708 1813
2 1611 1813 1659
2 1520 1611 1659
2 1659 1641 1520
2 1641 1540 1520
2 1540 1409 1520
2 1409 1395 1520
2 1396 1520 1395
2 1395 1283 1396
2 1396 1283 1305
2 1396 1305 1407
2 1489 1396 1407
2 1407 1551 1489
2 1611 1489 1551
2 1551 1708 1611
2 1489 1611 1520
2 1520 1396 1489
2 1520 1396 1489
2 1333 1407 1305
2 1257 1333 1305
2 1179 1257 1305
2 1179 1305 1283
2 1283 1191 1179
2 1191 1039 1179
2 1075 1179 1039
2 1075 1257 1179
2 1003 1257 1075
2 1168 1257 1003
2 1191 1069 1039
2 1283 1271 1191
2 1283 1409 1271
2 1299 1271 1409
2 1409 1476 1299
2 1409 1535 1476
2 1535 1595 1476
2 1595 1574 1476
2 1595 1721 1574
2 1721 1526 1574
2 1721 1713 1526
2 1713 1563 1526
2 1671 1563 1713
2 1671 1713 1853
2 1671 1853 1756
2 1649 1671 1756
2 1761 1649 1756
2 1756 4567 1761
2 1843 1761 4567
2 1843 4567 2006
2 1843 2006 1924
2 1843 1924 1799
2 1843 1799 1709
2 1843 1709 1761
2 3855 1761 1709
2 3855 1649 1761
2 1649 3855 1525
2 1649 1525 1671
2 1671 1525 1563
2 1709 1799 1753
2 1702 1709 1753
2 1753 1782 1702
2 1782 1738 1702
2 1603 1702 1738
2 1660 1603 1738
2 1660 1738 1763
2 1660 1763 1656
2 1660 1656 1523
2 1521 1660 1523
2 1397 1521 1523
2 1378 1397 1523
2 1483 1378 1523
2 1632 1483 1523
2 1656 1632 1523
2 1656 1774 1632
2 1774 1615 1632
2 1615 1491 1632
2 1483 1632 1491
2 1483 1491 1376
2 1483 1376 1378
2 1281 1378 1376
2 1212 1281 1376
2 1212 1376 1377
2 1377 1342 1212
2 1480 1342 1377
2 1480 1377 1510
2 1510 1635 1480
2 1635 1655 1480
2 1480 1655 1515
2 1360 1480 1515
2 1515 1339 1360
2 1339 1222 1360
2 1342 1360 1222
2 1480 1360 1342
2 1222 1339 1183
2 1222 1183 1025
2 1025 1183 986
2 986 1183 1158
2 1158 966 986
2 1158 1132 966
2 966 1132 988
2 966 988 891
2 966 891 824
2 988 1132 1109
2 1132 1239 1109
2 1218 1109 1239
2 1218 1239 1351
2 1218 1351 1329
2 1329 1267 1218
2 1087 1218 1267
2 1087 1267 1083
2 1087 1083 969
2 1083 961 969
2 855 969 961
2 1085 961 1083
2 1204 1085 1083
2 1202 1204 1083
2 1267 1202 1083
2 1317 1202 1267
2 1317 1267 1442
2 1506 1317 1442
2 1619 1506 1442
2 1619 1442 1565
2 1742 1619 1565
2 1742 1565 1631
2 1794 1742 1631
2 1794 1631 1748
2 1794 1748 1903
2 1794 1903 1907
2 1911 1794 1907
2 1907 2034 1911
2 1914 1911 2034
2 2039 1914 2034
2 2039 2034 2141
2 2039 2141 2145
2 2145 2041 2039
2 2041 1918 2039
2 1914 2039 1918
2 1788 1914 1918
2 1786 1788 1918
2 1786 1918 1916
2 1786 1916 1790
2 1786 1790 1665
2 1663 1786 1665
2 1663 1665 1559
2 1559 1507 1663
2 1506 1663 1507
2 1507 1317 1506
2 1319 1317 1507
2 1319 1507 1444
2 1324 1319 1444
2 1450 1324 1444
2 1450 1444 1559
2 1450 1559 1566
2 1450 1566 1459
2 1273 1450 1459
2 1273 1459 1287
2 1117 1273 1287
2 1245 1117 1287
2 1287 1468 1245
2 1374 1245 1468
2 1477 1374 1468
2 1594 1477 1468
2 1468 1633 1594
2 1689 1594 1633
2 1796 1689 1633
2 1744 1796 1633
2 1633 1573 1744
2 1743 1744 1573
2 1743 1573 1566
2 1566 1665 1743
2 1743 1665 1790
2 1912 1743 1790
2 1916 1912 1790
2 1912 1916 2090
2 1912 2090 2085
2 1912 2085 2030
2 1912 2030 1908
2 1908 1743 1912
2 1908 1744 1743
2 1908 1796 1744
2 1972 1796 1908
2 1972 1908 2030
2 1972 2030 2123
2 1972 2123 2018
2 2018 1899 1972
2 1796 1972 1899
2 1899 1689 1796
2 1689 1899 1804
2 1689 1804 1706
2 1689 1706 1594
2 1594 1706 1610
2 1477 1594 1610
2 1505 1477 1610
2 1505 1610 1622
2 1505 1622 1425
2 1505 1425 1388
2 1477 1505 1388
2 1477 1388 1374
2 1374 1388 1276
2 1374 1276 1245
2 1276 1159 1245
2 1159 1015 1245
2 1117 1245 1015
2 990 1117 1015
2 1103 1117 990
2 977 1103 990
2 885 977 990
2 977 885 861
2 977 861 971
2 971 1103 977
2 1103 971 1147
2 1147 1273 1103
2 1117 1103 1273
2 1273 1147 1324
2 1273 1324 1450
2 1204 1324 1147
2 1085 1204 1147
2 971 1085 1147
2 971 961 1085
2 1324 1204 1319
2 1204 1202 1319
2 1319 1202 1317
2 971 1085 1147
2 971 1103 977
2 1117 1103 1273
2 1425 1622 1464
2 1358 1425 1464
2 1706 1622 1610
2 1706 1806 1622
2 1706 1859 1806
2 1806 1859 1993
2 1806 1993 1889
2 1889 1993 1987
2 2077 1987 1993
2 2077 1993 2100
2 2199 2077 2100
2 2199 2100 2215
2 2199 2215 2289
2 2199 2289 2252
2 2252 2171 2199
2 2171 2077 2199
2 2221 2171 2252
2 2221 2252 2370
2 2221 2370 2385
2 2528 2385 2370
2 2528 2370 2537
2 2717 2528 2537
2 2717 2537 2686
2 2686 2773 2717
2 2802 2717 2773
2 2802 2773 2865
2 2944 2802 2865
2 2944 2865 3017
2 3010 2944 3017
2 3010 3017 3081
2 3010 3081 3094
2 3010 3094 3048
2 3010 3048 2927
2 2944 3010 2927
2 2927 2802 2944
2 3048 3094 3175
2 3175 3140 3048
2 3175 3234 3140
2 3142 3140 3234
2 3142 3234 3224
2 3224 3234 3312
2 3312 3280 3224
2 3280 3221 3224
2 3221 3280 3293
2 3221 3293 3271
2 3221 3271 3161
2 3271 3160 3161
2 3271 3266 3160
2 3266 3212 3160
2 3160 3212 3105
2 3279 3212 3266
2 3266 3347 3279
2 3279 3347 3330
2 3330 3263 3279
2 3279 3263 3212
2 3263 3330 3296
2 3296 3233 3263
2 3233 3296 3247
2 3174 3233 3247
2 3247 3173 3174
2 3174 3173 3093
2 3174 3093 3091
2 3174 3091 3159
2 3174 3159 3233
2 3031 3159 3091
2 3091 3018 3031
2 3031 3018 2956
2 3018 2889 2956
2 2889 3018 2970
2 3018 3093 2970
2 2970 3093 3080
2 2970 3080 3016
2 2935 2970 3016
2 3016 3066 2935
2 2935 3066 2985
2 2985 2884 2935
2 2884 2985 2923
2 2821 2884 2923
2 2923 2842 2821
2 2923 2940 2842
2 2940 2848 2842
2 2951 2848 2940
2 2940 3037 2951
2 3037 3040 2951
2 2951 3040 2938
2 2938 2848 2951
2 2848 2938 2841
2 3123 3040 3037
2 3111 3123 3037
2 3111 3037 3021
2 3111 3021 3099
2 3099 3220 3111
2 3111 3220 3235
2 3111 3235 3123
2 3193 3123 3235
2 3193 3235 3294
2 3193 3294 3219
2 3193 3219 3109
2 3109 3123 3193
2 3040 3123 3109
2 3294 3314 3219
2 3372 3314 3294
2 3294 3322 3372
2 3373 3372 3322
2 3373 3322 3315
2 3355 3373 3315
2 3355 3315 3298
2 3298 3318 3355
2 3390 3355 3318
2 3360 3390 3318
2 3318 3304 3360
2 3360 3304 3356
2 3360 3356 3395
2 3416 3360 3395
2 3418 3416 3395
2 3395 3356 3418
2 3388 3418 3356
2 3388 3356 3330
2 3330 3347 3388
2 3399 3388 3347
2 3350 3399 3347
2 3350 3347 3266
2 3350 3266 3271
2 3350 3271 3293
2 3293 3370 3350
2 3399 3350 3370
2 3425 3399 3370
2 3370 3380 3425
2 3425 3380 3427
2 3474 3425 3427
2 3467 3474 3427
2 3467 3427 3417
2 3437 3467 3417
2 3417 3391 3437
2 3391 3387 3437
2 3387 3397 3437
2 3437 3397 3449
2 3449 3467 3437
2 3476 3467 3449
2 3449 3448 3476
2 3448 3473 3476
2 3482 3476 3473
2 3460 3482 3473
2 3460 3473 3444
2 3424 3460 3444
2 3402 3424 3444
2 3402 3444 3403
2 3359 3402 3403
2 3348 3359 3403
2 3348 3403 3407
2 3365 3348 3407
2 3365 3407 3396
2 3321 3365 3396
2 3396 3323 3321
2 3269 3321 3323
2 3269 3323 3270
2 3269 3270 3194
2 3269 3194 3186
2 3269 3186 3285
2 3269 3285 3321
2 3285 3365 3321
2 3285 3348 3365
2 3273 3348 3285
2 3273 3285 3176
2 3176 3156 3273
2 3156 3249 3273
2 3273 3249 3317
2 3273 3317 3348
2 3348 3317 3359
2 3317 3324 3359
2 3359 3324 3402
2 3402 3324 3367
2 3393 3402 3367
2 3393 3367 3346
2 3393 3346 3374
2 3393 3374 3433
2 3433 3424 3393
2 3424 3402 3393
2 3424 3433 3460
2 3460 3433 3464
2 3464 3482 3460
2 3464 3487 3482
2 3486 3482 3487
2 3488 3486 3487
2 3485 3488 3487
2 3487 3479 3485
2 3479 3472 3485
2 3485 3472 3475
2 3485 3475 3480
2 3485 3480 3488
2 3488 3480 3481
2 3488 3481 3486
2 3481 3474 3486
2 3486 3474 3467
2 3476 3486 3467
2 3482 3486 3476
2 3465 3474 3481
2 3480 3465 3481
2 3465 3480 3461
2 3465 3461 3434
2 3425 3465 3434
2 3399 3425 3434
2 3399 3434 3418
2 3388 3399 3418
2 3418 3434 3461
2 3418 3461 3416
2 3416 3461 3466
2 3466 3442 3416
2 3416 3442 3408
2 3416 3408 3390
2 3416 3390 3360
2 3390 3408 3355
2 3355 3408 3373
2 3412 3373 3408
2 3412 3408 3442
2 3442 3447 3412
2 3447 3406 3412
2 3372 3412 3406
2 3364 3372 3406
2 3364 3406 3389
2 3320 3364 3389
2 3358 3320 3389
2 3394 3358 3389
2 3389 3428 3394
2 3428 3443 3394
2 3413 3394 3443
2 3413 3443 3459
2 3413 3459 3411
2 3413 3411 3379
2 3413 3379 3394
2 3379 3337 3394
2 3394 3337 3358
2 3358 3337 3286
2 3286 3297 3358
2 3358 3297 3320
2 3209 3320 3297
2 3209 3297 3207
2 3120 3209 3207
2 3120 3207 3079
2 3120 3079 3008
2 3079 2977 3008
2 2977 3079 2968
2 2977 2968 2896
2 2896 2968 2846
2 2720 2896 2846
2 2720 2846 2749
2 2749 2685 2720
2 2720 2685 2582
2 2720 2582 2566
2 2713 2720 2566
2 2541 2713 2566
2 2566 2415 2541
2 2436 2541 2415
2 2436 2415 2317
2 2317 2345 2436
2 2436 2345 2455
2 2541 2436 2455
2 2571 2541 2455
2 2345 2317 2235
2 2246 2345 2235
2 2235 2122 2246
2 2246 2122 2078
2 2246 2078 2138
2 2246 2138 2250
2 2250 2362 2246
2 2362 2345 2246
2 2138 2078 2033
2 2138 2033 2037
2 2037 2033 1913
2 1913 1917 2037
2 2037 1917 2040
2 2040 1917 1919
2 1785 1919 1917
2 1785 1917 1913
2 1787 1785 1913
2 1787 1913 1858
2 1787 1858 1667
2 1664 1787 1667
2 1664 1785 1787
2 1664 1618 1785
2 1736 1785 1618
2 1555 1736 1618
2 1736 1555 1620
2 1919 1785 1736
2 1667 1858 1793
2 1667 1793 1672
2 1511 1667 1672
2 1517 1511 1672
2 1517 1672 1582
2 1582 1466 1517
2 1341 1517 1466
2 1341 1466 1356
2 1356 1466 1371
2 1485 1371 1466
2 1485 1466 1591
2 1591 1601 1485
2 1485 1601 1514
2 1386 1485 1514
2 1386 1371 1485
2 1514 1601 1616
2 1601 1710 1616
2 1616 1710 1760
2 1710 1856 1760
2 1760 1856 1891
2 1760 1891 1807
2 1891 1990 1807
2 1886 1807 1990
2 1886 1990 2070
2 2095 1886 2070
2 2268 2095 2070
2 2268 2070 2322
2 2450 2268 2322
2 2450 2322 2407
2 2450 2407 2535
2 2604 2450 2535
2 2685 2604 2535
2 2685 2535 2582
2 2535 2433 2582
2 2582 2433 2566
2 2433 2415 2566
2 2287 2415 2433
2 2407 2287 2433
2 2535 2407 2433
2 2227 2287 2407
2 2322 2227 2407
2 2227 2322 2070
2 2094 2227 2070
2 2094 2070 1990
2 2001 2094 1990
2 2001 1990 1891
2 1856 2001 1891
2 1968 2001 1856
2 1802 1968 1856
2 1710 1802 1856
2 1710 1601 1802
2 1802 1601 1749
2 1802 1749 1896
2 1802 1896 1968
2 2015 1968 1896
2 2023 2015 1896
2 1902 2023 1896
2 1747 1902 1896
2 1747 1896 1749
2 1747 1749 1591
2 1747 1591 1582
2 1672 1747 1582
2 1747 1672 1793
2 1747 1793 1902
2 1902 1793 1906
2 2023 1902 1906
2 2078 2023 1906
2 2078 1906 2033
2 1906 1858 2033
2 1913 2033 1858
2 1906 1793 1858
2 2078 2122 2023
2 2122 2115 2023
2 2115 2015 2023
2 2015 2115 2109
2 2015 2109 1968
2 1968 2109 2001
2 2001 2109 2094
2 2094 2109 2196
2 2094 2196 2227
2 2196 2287 2227
2 2196 2214 2287
2 2317 2287 2214
2 2317 2214 2235
2 2214 2115 2235
2 2115 2122 2235
2 2214 2109 2115
2 2214 2196 2109
2 2415 2287 2317
2 2214 2196 2109
2 2214 2196 2109
2 2214 2109 2115
2 2115 2122 2235
2 1906 1793 1858
2 1466 1582 1591
2 1601 1591 1749
2 1747 1793 1902
2 2023 1902 1906
2 2115 2015 2023
2 2015 2109 1968
2 1747 1896 1749
2 1601 1591 1749
2 1802 1896 1968
2 1968 2109 2001
2 2001 2109 2094
2 2094 2196 2227
2 2196 2287 2227
2 2415 2287 2317
2 2535 2407 2433
2 2749 2604 2685
2 2660 2604 2749
2 2749 2799 2660
2 2799 2701 2660
2 2660 2701 2586
2 2516 2660 2586
2 2516 2586 2424
2 2424 2443 2516
2 2443 2604 2516
2 2516 2604 2660
2 2443 2450 2604
2 2443 2268 2450
2 2443 2267 2268
2 2267 2111 2268
2 2268 2111 2095
2 2095 2111 1949
2 2095 1949 1886
2 2111 1976 1949
2 1813 1949 1976
2 1835 1813 1976
2 1835 1976 2002
2 1873 1835 2002
2 1995 1873 2002
2 1995 2002 2114
2 1995 2114 2157
2 1995 2157 2204
2 2105 1995 2204
2 2105 2204 2230
2 2092 2105 2230
2 2092 2230 2178
2 1980 2092 2178
2 2266 1980 2178
2 2266 2178 2347
2 2347 2408 2266
2 2305 2266 2408
2 2435 2305 2408
2 2435 2408 2554
2 2557 2435 2554
2 2688 2557 2554
2 2688 2554 2665
2 2806 2688 2665
2 2665 2792 2806
2 2900 2806 2792
2 2887 2900 2792
2 2820 2887 2792
2 2665 2820 2792
2 2811 2820 2665
2 2715 2811 2665
2 2715 2665 2565
2 2715 2565 2633
2 2786 2715 2633
2 2786 2633 2795
2 2871 2786 2795
2 2795 2916 2871
2 2916 2961 2871
2 2961 2958 2871
2 2786 2871 2958
2 2786 2958 2941
2 2811 2786 2941
2 2941 2820 2811
2 2941 2966 2820
2 2887 2820 2966
2 2990 2887 2966
2 2990 2966 3104
2 3075 2990 3104
2 3190 3075 3104
2 3190 3104 3211
2 3190 3211 3292
2 3236 3190 3292
2 3295 3236 3292
2 3295 3292 3345
2 3345 3374 3295
2 3295 3374 3346
2 3346 3278 3295
2 3278 3225 3295
2 3225 3236 3295
2 3236 3225 3165
2 3236 3165 3190
2 3190 3165 3075
2 3075 3165 3042
2 2990 3075 3042
2 2900 2990 3042
2 2991 2900 3042
2 3116 2991 3042
2 3116 3042 3165
2 3116 3165 3225
2 3182 3116 3225
2 3225 3278 3182
2 3278 3262 3182
2 3166 3182 3262
2 3262 3232 3166
2 3166 3232 3141
2 3141 3029 3166
2 3029 3071 3166
2 3182 3166 3071
2 3182 3071 3116
2 2991 3116 3071
2 2991 3071 2967
2 2991 2967 2878
2 2843 2991 2878
2 2843 2878 2784
2 2843 2784 2806
2 2900 2843 2806
2 2991 2843 2900
2 2688 2806 2784
2 2766 2688 2784
2 2766 2784 2878
2 2766 2878 2898
2 2898 2822 2766
2 2681 2766 2822
2 2681 2822 2743
2 2681 2743 2606
2 2681 2606 2523
2 2681 2523 2511
2 2640 2681 2511
2 2557 2640 2511
2 2421 2557 2511
2 2371 2421 2511
2 2406 2371 2511
2 2511 2523 2406
2 2523 2512 2406
2 2512 2411 2406
2 2406 2411 2294
2 2294 2260 2406
2 2260 2371 2406
2 2371 2260 2185
2 2261 2371 2185
2 2124 2261 2185
2 2124 2185 2006
2 2006 1921 2124
2 2124 1921 2032
2 2124 2032 2191
2 2124 2191 2261
2 2261 2191 2354
2 2354 2371 2261
2 2421 2371 2354
2 2354 2305 2421
2 2421 2305 2435
2 2421 2435 2557
2 2305 2354 2191
2 2305 2191 2189
2 2305 2189 2266
2 2189 1980 2266
2 2189 2072 1980
2 1969 1980 2072
2 2032 1969 2072
2 2032 2072 2191
2 2189 2191 2072
2 2032 1853 1969
2 1969 1853 1846
2 1846 1980 1969
2 1883 1980 1846
2 1850 1883 1846
2 1721 1850 1846
2 1721 1846 1713
2 1713 1846 1853
2 1850 1721 1751
2 1850 1751 1925
2 1850 1925 1931
2 1931 1883 1850
2 1931 1980 1883
2 1980 1931 2092
2 1931 1925 2092
2 1925 1977 2092
2 2105 2092 1977
2 1995 2105 1977
2 1995 1977 1873
2 1925 1873 1977
2 1873 1925 1781
2 1873 1781 1735
2 1873 1735 1768
2 1768 1835 1873
2 1768 1659 1835
2 1659 1813 1835
2 1659 1768 1641
2 1735 1641 1768
2 1735 1651 1641
2 1651 1540 1641
2 1535 1540 1651
2 1651 1595 1535
2 1595 1651 1751
2 1595 1751 1721
2 1651 1781 1751
2 1751 1781 1925
2 1651 1735 1781
2 1409 1540 1535
2 1651 1735 1781
2 1735 1641 1768
2 1651 1735 1781
2 1751 1781 1925
2 1925 1873 1977
2 1931 1925 2092
2 1751 1781 1925
2 1595 1751 1721
2 1931 1883 1850
2 1931 1980 1883
2 1713 1846 1853
2 1921 1853 2032
2 1853 1921 4567
2 1756 1853 4567
2 1921 2006 4567
2 1846 1980 1969
2 2189 2191 2072
2 2189 2191 2072
2 2305 2354 2191
2 2032 2072 2191
2 1921 1853 2032
2 1921 2006 4567
2 2067 2006 2185
2 2067 2185 2181
2 2181 2055 2067
2 2055 1924 2067
2 2006 2067 1924
2 2055 1920 1924
2 1924 1920 1799
2 1753 1799 1920
2 1753 1920 1782
2 1782 1920 1881
2 1782 1881 1738
2 1738 1881 1763
2 1763 1881 1854
2 1814 1763 1854
2 1854 1938 1814
2 1928 1814 1938
2 1928 1938 2044
2 1928 2044 1981
2 1928 1981 1784
2 1774 1928 1784
2 1615 1774 1784
2 1784 1635 1615
2 1510 1615 1635
2 1510 1491 1615
2 1377 1491 1510
2 1376 1491 1377
2 1766 1635 1784
2 1943 1766 1784
2 1784 1981 1943
2 1981 2060 1943
2 1992 1943 2060
2 2089 1992 2060
2 2089 2060 2245
2 2245 2265 2089
2 2265 2197 2089
2 2197 2099 2089
2 1992 2089 2099
2 1992 2099 1961
2 1855 1992 1961
2 1805 1855 1961
2 1805 1961 1857
2 1805 1857 1700
2 1805 1700 1648
2 1655 1805 1648
2 1655 1648 1515
2 1497 1515 1648
2 1497 1648 1700
2 1592 1497 1700
2 1750 1592 1700
2 1700 1857 1750
2 1897 1750 1857
2 1897 1857 2009
2 1897 2009 2016
2 1903 1897 2016
2 2016 2026 1903
2 1903 2026 1907
2 2026 2034 1907
2 2129 2034 2026
2 2026 2120 2129
2 2120 2240 2129
2 2129 2240 2297
2 2306 2129 2297
2 2306 2297 2470
2 2484 2306 2470
2 2594 2484 2470
2 2594 2470 2572
2 2711 2594 2572
2 2572 2789 2711
2 2711 2789 2817
2 2711 2817 2834
2 2711 2834 2731
2 2711 2731 2594
2 2615 2594 2731
2 2745 2615 2731
2 2745 2731 2847
2 2745 2847 2849
2 2747 2745 2849
2 2849 2736 2747
2 2747 2736 2559
2 2620 2747 2559
2 2501 2620 2559
2 2501 2559 2380
2 2312 2501 2380
2 2209 2312 2380
2 2380 2256 2209
2 2090 2209 2256
2 2090 2256 2251
2 2085 2090 2251
2 2130 2085 2251
2 2130 2251 2298
2 2130 2298 2242
2 2242 2123 2130
2 2030 2130 2123
2 2130 2030 2085
2 2123 2242 2229
2 2123 2229 2112
2 2018 2123 2112
2 2112 2004 2018
2 2004 1894 2018
2 1899 2018 1894
2 1899 1894 1804
2 1859 1804 1894
2 2004 1859 1894
2 1859 2004 1993
2 2100 1993 2004
2 2112 2100 2004
2 2100 2112 2215
2 2229 2215 2112
2 2332 2215 2229
2 2242 2332 2229
2 2346 2332 2242
2 2346 2242 2298
2 2472 2346 2298
2 2298 2427 2472
2 2605 2472 2427
2 2551 2605 2427
2 2551 2427 2378
2 2551 2378 2559
2 2551 2559 2736
2 2551 2736 2605
2 2605 2736 2724
2 2605 2724 2712
2 2712 2590 2605
2 2472 2605 2590
2 2590 2456 2472
2 2346 2472 2456
2 2456 2332 2346
2 2494 2332 2456
2 2494 2456 2627
2 2494 2627 2658
2 2494 2658 2514
2 2494 2514 2364
2 2494 2364 2332
2 2364 2215 2332
2 2364 2289 2215
2 2289 2364 2482
2 2361 2289 2482
2 2361 2482 2537
2 2361 2537 2370
2 2252 2361 2370
2 2252 2289 2361
2 2537 2482 2603
2 2537 2603 2686
2 2603 2742 2686
2 2742 2829 2686
2 2829 2773 2686
2 2829 2865 2773
2 2865 2829 2936
2 2936 3017 2865
2 2936 2972 3017
2 2972 3067 3017
2 3081 3017 3067
2 3143 3081 3067
2 3143 3067 3177
2 3223 3143 3177
2 3261 3223 3177
2 3191 3261 3177
2 3177 3117 3191
2 3117 3122 3191
2 3122 3194 3191
2 3194 3270 3191
2 3261 3191 3270
2 3316 3261 3270
2 3316 3270 3323
2 3397 3316 3323
2 3396 3397 3323
2 3396 3448 3397
2 3448 3449 3397
2 3396 3407 3448
2 3407 3436 3448
2 3436 3473 3448
2 3436 3444 3473
2 3436 3403 3444
2 3407 3403 3436
2 3407 3403 3436
2 3316 3397 3387
2 3316 3387 3349
2 3349 3299 3316
2 3299 3261 3316
2 3261 3299 3223
2 3223 3299 3260
2 3223 3260 3184
2 3143 3223 3184
2 3143 3184 3081
2 3081 3184 3197
2 3081 3197 3094
2 3094 3197 3175
2 3248 3175 3197
2 3260 3248 3197
2 3260 3197 3184
2 3260 3301 3248
2 3248 3301 3284
2 3234 3248 3284
2 3312 3234 3284
2 3312 3284 3342
2 3312 3342 3376
2 3380 3312 3376
2 3376 3427 3380
2 3417 3427 3376
2 3417 3376 3342
2 3342 3391 3417
2 3342 3349 3391
2 3387 3391 3349
2 3301 3349 3342
2 3342 3284 3301
2 3349 3301 3299
2 3299 3301 3260
2 3312 3380 3331
2 3312 3331 3280
2 3280 3331 3293
2 3293 3331 3370
2 3331 3380 3370
2 3331 3380 3370
2 3417 3376 3342
2 3342 3284 3301
2 3234 3175 3248
2 3342 3284 3301
2 3299 3301 3260
2 3234 3175 3248
2 3260 3197 3184
2 3260 3197 3184
2 3299 3301 3260
2 3349 3301 3299
2 3387 3391 3349
2 3299 3261 3316
2 3194 3122 3186
2 3122 3110 3186
2 3186 3110 3098
2 3176 3186 3098
2 3176 3098 3156
2 3156 3098 3065
2 3065 3103 3156
2 3183 3156 3103
2 3183 3103 3119
2 3183 3119 3196
2 3183 3196 3268
2 3183 3268 3249
2 3183 3249 3156
2 3317 3249 3268
2 3317 3268 3324
2 3324 3268 3196
2 3324 3196 3283
2 3324 3283 3367
2 3283 3319 3367
2 3367 3319 3346
2 3346 3319 3278
2 3278 3319 3262
2 3283 3262 3319
2 3283 3232 3262
2 3283 3196 3232
2 3232 3196 3151
2 3232 3151 3102
2 3102 3141 3232
2 2993 3141 3102
2 2993 3102 3003
2 2993 3003 2917
2 2917 2872 2993
2 2872 2898 2993
2 3029 2993 2898
2 3029 2898 2967
2 3029 2967 3071
2 2898 2878 2967
2 2993 3029 3141
2 2822 2898 2872
2 2796 2822 2872
2 2917 2796 2872
2 2856 2796 2917
2 2917 2926 2856
2 2856 2926 2800
2 2856 2800 2661
2 2740 2856 2661
2 2591 2740 2661
2 2527 2591 2661
2 2527 2661 2683
2 2527 2683 2536
2 2448 2527 2536
2 2448 2536 2583
2 2448 2583 2506
2 2401 2448 2506
2 2401 2506 2437
2 2437 2296 2401
2 2265 2401 2296
2 2265 2296 2197
2 2226 2197 2296
2 2330 2226 2296
2 2296 2437 2330
2 2330 2437 2403
2 2240 2330 2403
2 2240 2403 2297
2 2297 2403 2470
2 2403 2572 2470
2 2572 2403 2437
2 2437 2542 2572
2 2572 2542 2714
2 2572 2714 2789
2 2714 2853 2789
2 2789 2853 2883
2 2789 2883 2817
2 2883 2922 2817
2 2834 2817 2922
2 2922 2939 2834
2 2847 2834 2939
2 2847 2939 2950
2 2847 2950 2849
2 2950 2946 2849
2 2849 2946 2835
2 2835 2736 2849
2 2835 2724 2736
2 2724 2835 2818
2 2712 2724 2818
2 2712 2818 2791
2 2791 2627 2712
2 2712 2627 2590
2 2590 2627 2456
2 2627 2791 2658
2 2658 2791 2742
2 2603 2658 2742
2 2514 2658 2603
2 2514 2603 2482
2 2364 2514 2482
2 2885 2742 2791
2 2791 2818 2885
2 2818 2915 2885
2 2997 2885 2915
2 2997 2915 2931
2 2997 2931 3035
2 2997 3035 3100
2 3067 2997 3100
2 3067 3100 3177
2 3100 3117 3177
2 3100 3035 3117
2 3035 3041 3117
2 3117 3041 3122
2 3034 3122 3041
2 3034 3041 2950
2 3034 2950 2939
2 3034 2939 3007
2 3098 3034 3007
2 3098 3007 3065
2 2971 3065 3007
2 2922 2971 3007
2 2922 3007 2939
2 2922 2883 2971
2 2883 2853 2971
2 2934 2971 2853
2 2934 2853 2815
2 2815 2863 2934
2 2969 2934 2863
2 2969 2863 2955
2 2955 3038 2969
2 3038 3015 2969
2 2969 3015 2934
2 3015 2971 2934
2 2971 3015 3065
2 3103 3065 3015
2 3038 3103 3015
2 3038 3119 3103
2 3038 3047 3119
2 3151 3119 3047
2 3151 3047 3102
2 3047 3003 3102
2 3003 3047 2926
2 3003 2926 2917
2 2955 2926 3047
2 3038 2955 3047
2 2955 2800 2926
2 2955 2863 2800
2 2800 2863 2725
2 2800 2725 2683
2 2683 2661 2800
2 2683 2725 2536
2 2725 2583 2536
2 2583 2725 2721
2 2721 2506 2583
2 2506 2721 2542
2 2506 2542 2437
2 2721 2714 2542
2 2721 2853 2714
2 2721 2815 2853
2 2721 2725 2815
2 2815 2725 2863
2 2721 2725 2815
2 2815 2725 2863
2 3151 3196 3119
2 3038 2955 3047
2 3038 3103 3015
2 3038 2955 3047
2 2955 2863 2800
2 2969 3015 2934
2 2815 2725 2863
2 2721 2815 2853
2 3015 2971 2934
2 2971 3015 3065
2 3110 3034 3098
2 3122 3034 3110
2 2922 3007 2939
2 2950 3041 2946
2 3035 2946 3041
2 2931 2946 3035
2 2835 2946 2931
2 2818 2835 2931
2 2818 2931 2915
2 3122 3034 3110
2 3035 2946 3041
2 2972 2997 3067
2 2885 2997 2972
2 2936 2885 2972
2 2885 2936 2829
2 2742 2885 2829
2 3100 3035 3117
2 2931 2946 3035
2 2818 2931 2915
2 2885 2997 2972
2 2818 2931 2915
2 2742 2885 2829
2 2791 2818 2885
2 2818 2835 2931
2 2835 2946 2931
2 2950 3041 2946
2 3034 2950 2939
2 2731 2834 2847
2 2922 3007 2939
2 2922 2883 2971
2 2883 2853 2971
2 2721 2853 2714
2 2721 2714 2542
2 2506 2542 2437
2 2240 2226 2330
2 2120 2226 2240
2 2120 2110 2226
2 2226 2110 2197
2 2197 2110 2099
2 2110 2009 2099
2 2099 2009 1961
2 2009 1857 1961
2 2009 2110 2016
2 2120 2016 2110
2 2016 2120 2026
2 2120 2016 2110
2 2572 2403 2437
2 2240 2226 2330
2 2226 2110 2197
2 2265 2360 2401
2 2401 2360 2448
2 2360 2304 2448
2 2304 2388 2448
2 2527 2448 2388
2 2527 2388 2478
2 2527 2478 2591
2 2478 2395 2591
2 2395 2616 2591
2 2740 2591 2616
2 2704 2740 2616
2 2606 2704 2616
2 2606 2616 2512
2 2606 2512 2523
2 2512 2616 2477
2 2477 2411 2512
2 2411 2477 2395
2 2411 2395 2302
2 2411 2302 2232
2 2294 2411 2232
2 2294 2232 2159
2 2159 2181 2294
2 2181 2260 2294
2 2260 2181 2185
2 2181 2159 2055
2 2159 2042 2055
2 2042 1920 2055
2 1881 1920 2042
2 2019 1881 2042
2 2019 2042 2102
2 2155 2019 2102
2 2232 2155 2102
2 2232 2102 2159
2 2159 2102 2042
2 2155 2232 2302
2 2155 2302 2320
2 2320 2201 2155
2 2155 2201 2118
2 2155 2118 2044
2 2155 2044 1938
2 1938 2019 2155
2 1854 2019 1938
2 1881 2019 1854
2 2044 2118 1981
2 1981 2118 2060
2 2060 2118 2245
2 2201 2245 2118
2 2304 2245 2201
2 2201 2320 2304
2 2388 2304 2320
2 2388 2320 2478
2 2320 2395 2478
2 2302 2395 2320
2 2245 2304 2360
2 2265 2245 2360
2 2201 2245 2118
2 2201 2320 2304
2 2302 2395 2320
2 1938 2019 2155
2 2159 2102 2042
2 1881 2019 1854
2 2159 2102 2042
2 2232 2102 2159
2 2155 2232 2302
2 2302 2395 2320
2 2477 2616 2395
2 2477 2616 2395
2 2606 2743 2704
2 2704 2743 2796
2 2704 2796 2740
2 2740 2796 2856
2 2743 2822 2796
2 2704 2796 2740
2 2477 2616 2395
2 2320 2395 2478
2 2388 2320 2478
2 2388 2304 2320
2 2245 2304 2360
2 2265 2245 2360
2 2296 2437 2330
2 2506 2542 2437
2 2401 2360 2448
2 2721 2506 2583
2 2725 2583 2536
2 2527 2448 2388
2 2683 2725 2536
2 2683 2661 2800
2 2527 2478 2591
2 2740 2591 2616
2 2740 2796 2856
2 2683 2661 2800
2 2955 2800 2926
2 3003 2926 2917
2 2740 2796 2856
2 2743 2822 2796
2 2917 2796 2872
2 3003 2926 2917
2 3047 3003 3102
2 2993 3029 3141
2 3151 3047 3102
2 3151 3196 3119
2 3283 3262 3319
2 3283 3196 3232
2 3324 3268 3196
2 3151 3196 3119
2 3038 3119 3103
2 3183 3249 3156
2 3103 3065 3015
2 3098 3007 3065
2 3285 3186 3176
2 3110 3034 3098
2 3122 3034 3110
2 3117 3041 3122
2 3100 3117 3177
2 3261 3191 3270
2 3261 3299 3223
2 3143 3223 3184
2 3067 3100 3177
2 3143 3184 3081
2 2972 2997 3067
2 2936 2885 2972
2 2885 2936 2829
2 2742 2885 2829
2 2603 2658 2742
2 2514 2603 2482
2 2252 2289 2361
2 2364 2514 2482
2 2364 2514 2482
2 2514 2658 2603
2 2627 2791 2658
2 2590 2627 2456
2 2494 2364 2332
2 2590 2627 2456
2 2712 2627 2590
2 2712 2724 2818
2 2835 2724 2736
2 2559 2378 2380
2 2378 2256 2380
2 2251 2256 2378
2 2378 2427 2251
2 2427 2298 2251
2 2378 2427 2251
2 2551 2736 2605
2 2472 2605 2590
2 2427 2298 2251
2 2346 2472 2456
2 2456 2332 2346
2 2364 2215 2332
2 1804 1859 1706
2 2004 1859 1894
2 2112 2100 2004
2 2229 2215 2112
2 2242 2332 2229
2 2346 2242 2298
2 2427 2298 2251
2 2130 2030 2085
2 2251 2256 2378
2 2090 2041 2209
2 2209 2041 2145
2 2145 2312 2209
2 2141 2312 2145
2 2141 2311 2312
2 2497 2312 2311
2 2311 2484 2497
2 2615 2497 2484
2 2615 2484 2594
2 2620 2497 2615
2 2745 2620 2615
2 2745 2747 2620
2 2501 2497 2620
2 2501 2312 2497
2 2306 2484 2311
2 2139 2306 2311
2 2141 2139 2311
2 2034 2139 2141
2 2034 2129 2139
2 2306 2139 2129
2 2306 2139 2129
2 2501 2312 2497
2 2141 2139 2311
2 2090 1916 2041
2 1918 2041 1916
2 2378 2256 2380
2 2145 2312 2209
2 2501 2312 2497
2 2559 2378 2380
2 2501 2497 2620
2 2745 2747 2620
2 2551 2559 2736
2 2835 2736 2849
2 2745 2747 2620
2 2847 2950 2849
2 2731 2834 2847
2 2745 2620 2615
2 2615 2484 2594
2 2731 2834 2847
2 2834 2817 2922
2 2789 2883 2817
2 2572 2714 2789
2 2711 2731 2594
2 2403 2572 2470
2 2615 2484 2594
2 2306 2484 2311
2 2297 2403 2470
2 2306 2139 2129
2 2240 2403 2297
2 2120 2226 2240
2 2016 2120 2026
2 2034 2129 2139
2 2016 2120 2026
2 1903 1748 1897
2 1748 1750 1897
2 1592 1750 1748
2 1592 1748 1583
2 1474 1592 1583
2 1474 1583 1458
2 1351 1474 1458
2 1351 1458 1329
2 1458 1449 1329
2 1329 1449 1442
2 1329 1442 1267
2 1449 1565 1442
2 1449 1458 1565
2 1631 1565 1458
2 1631 1458 1583
2 1631 1583 1748
2 1449 1458 1565
2 1372 1474 1351
2 1263 1372 1351
2 1263 1351 1239
2 1132 1263 1239
2 1132 1158 1263
2 1263 1158 1183
2 1339 1263 1183
2 1339 1372 1263
2 1339 1497 1372
2 1497 1474 1372
2 1474 1497 1592
2 1515 1497 1339
2 1339 1372 1263
2 1497 1474 1372
2 1631 1458 1583
2 1474 1497 1592
2 1631 1583 1748
2 2009 2110 2016
2 2009 1857 1961
2 1748 1750 1897
2 1592 1750 1748
2 1474 1497 1592
2 1515 1497 1339
2 1655 1855 1805
2 1855 1655 1766
2 1766 1943 1855
2 1855 1943 1992
2 1766 1655 1635
2 1497 1648 1700
2 1700 1857 1750
2 2009 1857 1961
2 1655 1855 1805
2 1855 1943 1992
2 2099 2009 1961
2 2197 2110 2099
2 2265 2296 2197
2 2265 2245 2360
2 2060 2118 2245
2 1992 2089 2099
2 1855 1943 1992
2 1981 2118 2060
2 1766 1943 1855
2 1766 1655 1635
2 1774 1814 1928
2 1656 1814 1774
2 1656 1763 1814
2 1784 1981 1943
2 2044 2118 1981
2 2155 2044 1938
2 1774 1814 1928
2 1854 2019 1938
2 1656 1763 1814
2 1881 2019 1854
2 1881 1920 2042
2 2042 1920 2055
2 2181 2159 2055
2 2260 2181 2185
2 2006 2067 1924
2 2124 2191 2261
2 2354 2371 2261
2 2260 2181 2185
2 2181 2260 2294
2 2294 2411 2232
2 2477 2411 2512
2 2606 2512 2523
2 2260 2371 2406
2 2421 2371 2354
2 2421 2435 2557
2 2688 2640 2557
2 2766 2640 2688
2 2640 2766 2681
2 2640 2766 2681
2 2511 2523 2406
2 2606 2512 2523
2 2606 2743 2704
2 2743 2822 2796
2 2640 2766 2681
2 2822 2898 2872
2 2898 2878 2967
2 2766 2640 2688
2 2766 2784 2878
2 2991 2843 2900
2 2898 2878 2967
2 3029 2967 3071
2 3029 2967 3071
2 2993 3029 3141
2 3102 3141 3232
2 3283 3232 3262
2 3182 3166 3071
2 3278 3319 3262
2 3182 3071 3116
2 2991 3116 3071
2 2991 2843 2900
2 2900 2887 2990
2 3116 3042 3165
2 3116 3165 3225
2 3225 3278 3182
2 3346 3319 3278
2 3374 3345 3411
2 3374 3411 3433
2 3433 3411 3459
2 3433 3459 3464
2 3464 3459 3479
2 3487 3464 3479
2 3459 3443 3479
2 3479 3443 3472
2 3428 3472 3443
2 3428 3447 3472
2 3447 3475 3472
2 3475 3447 3442
2 3466 3475 3442
2 3466 3480 3475
2 3480 3466 3461
2 3406 3447 3428
2 3428 3389 3406
2 3411 3345 3379
2 3379 3345 3311
2 3379 3311 3337
2 3267 3337 3311
2 3267 3311 3231
2 3231 3195 3267
2 3267 3195 3286
2 3286 3337 3267
2 3286 3195 3207
2 3286 3207 3297
2 3195 3079 3207
2 3150 3079 3195
2 3231 3150 3195
2 3107 3150 3231
2 3172 3107 3231
2 3172 3231 3192
2 3064 3172 3192
2 3192 3104 3064
2 3064 3104 2966
2 2941 3064 2966
2 2958 3064 2941
2 3064 2958 3070
2 3070 3172 3064
2 3172 3070 3107
2 3070 3002 3107
2 3002 3046 3107
2 3046 3150 3107
2 3046 3069 3150
2 3150 3069 3079
2 2968 3079 3069
2 2968 3069 2954
2 2846 2968 2954
2 2846 2954 2799
2 2846 2799 2749
2 2954 2925 2799
2 2799 2925 2825
2 2825 2701 2799
2 2760 2701 2825
2 2760 2825 2916
2 2760 2916 2795
2 2760 2795 2682
2 2760 2682 2586
2 2760 2586 2701
2 2586 2682 2526
2 2586 2526 2413
2 2424 2586 2413
2 2276 2424 2413
2 2276 2413 2253
2 2253 2157 2276
2 2114 2276 2157
2 2276 2114 2267
2 2267 2424 2276
2 2424 2267 2443
2 2111 2267 2114
2 2111 2114 1976
2 2114 2002 1976
2 2253 2204 2157
2 2204 2253 2333
2 2369 2204 2333
2 2461 2369 2333
2 2333 2413 2461
2 2413 2526 2461
2 2526 2633 2461
2 2461 2633 2565
2 2565 2466 2461
2 2466 2369 2461
2 2347 2369 2466
2 2408 2347 2466
2 2466 2520 2408
2 2520 2554 2408
2 2520 2665 2554
2 2665 2520 2466
2 2665 2466 2565
2 2665 2520 2466
2 2347 2230 2369
2 2230 2204 2369
2 2347 2178 2230
2 2665 2466 2565
2 2526 2682 2633
2 2682 2795 2633
2 2413 2333 2253
2 2466 2369 2461
2 2230 2204 2369
2 2413 2333 2253
2 2413 2333 2253
2 2267 2424 2276
2 2413 2526 2461
2 2526 2682 2633
2 2682 2795 2633
2 2916 2825 2925
2 3002 2916 2925
2 3046 3002 2925
2 2925 2954 3046
2 2954 3069 3046
2 2961 2916 3002
2 3070 2961 3002
2 2958 2961 3070
2 2760 2586 2701
2 2916 2825 2925
2 2925 2954 3046
2 2954 3069 3046
2 2954 3069 3046
2 3046 3002 2925
2 3070 2961 3002
2 2958 2961 3070
2 3192 3211 3104
2 3192 3272 3211
2 3272 3292 3211
2 3345 3292 3272
2 3311 3345 3272
2 3272 3231 3311
2 3272 3192 3231
2 3272 3192 3231
2 3070 3172 3064
2 3272 3192 3231
2 3172 3070 3107
2 3046 3150 3107
2 3150 3069 3079
2 3231 3150 3195
2 3272 3231 3311
2 3286 3337 3267
2 3311 3345 3272
2 3345 3292 3272
2 3225 3236 3295
2 3236 3165 3190
2 3272 3292 3211
2 3192 3211 3104
2 3190 3165 3075
2 2990 3075 3042
2 3064 3104 2966
2 2900 2887 2990
2 2941 3064 2966
2 2786 2811 2715
2 2958 3064 2941
2 2958 2961 3070
2 2961 2916 3002
2 2760 2916 2795
2 2786 2871 2958
2 2682 2795 2633
2 2786 2811 2715
2 2461 2633 2565
2 2665 2466 2565
2 2786 2811 2715
2 2941 2820 2811
2 2887 2820 2966
2 2900 2887 2990
2 2900 2843 2806
2 2665 2820 2792
2 2688 2806 2784
2 2520 2665 2554
2 2688 2640 2557
2 2421 2435 2557
2 2520 2554 2408
2 2421 2305 2435
2 2305 2189 2266
2 2408 2347 2466
2 2347 2178 2230
2 2189 1980 2266
2 1980 1931 2092
2 2347 2178 2230
2 2105 2092 1977
2 2230 2204 2369
2 1995 2105 1977
2 2253 2204 2157
2 2114 2276 2157
2 2114 2002 1976
2 1995 1977 1873
2 1768 1835 1873
2 2114 2002 1976
2 1659 1813 1835
2 2111 2114 1976
2 2111 2267 2114
2 2424 2267 2443
2 2424 2267 2443
2 2424 2586 2413
2 2516 2604 2660
2 2760 2586 2701
2 2825 2701 2799
2 2846 2799 2749
2 2516 2604 2660
2 2443 2450 2604
2 2535 2407 2433
2 2322 2227 2407
2 2443 2268 2450
2 2227 2322 2070
2 2268 2111 2095
2 2095 1949 1886
2 2094 2070 1990
2 2001 1990 1891
2 1856 2001 1891
2 1710 1802 1856
2 1710 1601 1802
2 1601 1591 1749
2 1466 1582 1591
2 1386 1371 1485
2 1517 1341 1511
2 1511 1341 1328
2 1466 1582 1591
2 1672 1747 1582
2 1517 1341 1511
2 1747 1672 1793
2 1906 1793 1858
2 1913 2033 1858
2 1664 1785 1787
2 1919 1785 1736
2 1785 1917 1913
2 1913 2033 1858
2 2078 1906 2033
2 2078 2122 2023
2 2115 2122 2235
2 2362 2345 2246
2 2317 2214 2235
2 2415 2287 2317
2 2541 2436 2455
2 2433 2415 2566
2 2582 2433 2566
2 2685 2535 2582
2 2749 2604 2685
2 2846 2799 2749
2 2846 2968 2954
2 2968 3079 3069
2 3195 3079 3207
2 3286 3207 3297
2 3286 3207 3297
2 3286 3337 3267
2 3379 3311 3337
2 3411 3345 3379
2 3433 3411 3459
2 3459 3443 3479
2 3413 3379 3394
2 3428 3472 3443
2 3428 3389 3406
2 3394 3337 3358
2 3358 3297 3320
2 3364 3320 3314
2 3364 3314 3372
2 3428 3389 3406
2 3364 3314 3372
2 3372 3373 3412
2 3406 3447 3428
2 3475 3447 3442
2 3372 3373 3412
2 3412 3408 3442
2 3466 3475 3442
2 3480 3466 3461
2 3465 3425 3474
2 3418 3434 3461
2 3480 3466 3461
2 3465 3425 3474
2 3480 3465 3481
2 3466 3480 3475
2 3447 3475 3472
2 3479 3443 3472
2 3487 3464 3479
2 3485 3480 3488
2 3488 3481 3486
2 3482 3486 3476
2 3487 3464 3479
2 3433 3459 3464
2 3374 3411 3433
2 3295 3374 3346
2 3367 3319 3346
2 3424 3402 3393
2 3324 3283 3367
2 3317 3268 3324
2 3317 3249 3268
2 3183 3249 3156
2 3176 3098 3156
2 3285 3186 3176
2 3273 3317 3348
2 3285 3186 3176
2 3194 3122 3186
2 3194 3270 3191
2 3316 3270 3323
2 3269 3285 3321
2 3396 3397 3323
2 3285 3365 3321
2 3396 3407 3448
2 3285 3348 3365
2 3407 3403 3436
2 3348 3317 3359
2 3359 3324 3402
2 3436 3403 3444
2 3424 3402 3393
2 3424 3433 3460
2 3436 3444 3473
2 3464 3482 3460
2 3482 3486 3476
2 3436 3473 3448
2 3448 3449 3397
2 3476 3486 3467
2 3448 3449 3397
2 3316 3397 3387
2 3387 3391 3349
2 3342 3391 3417
2 3449 3467 3437
2 3417 3427 3376
2 3486 3474 3467
2 3465 3425 3474
2 3376 3427 3380
2 3331 3380 3370
2 3399 3425 3434
2 3293 3331 3370
2 3399 3350 3370
2 3388 3399 3418
2 3296 3330 3356
2 3304 3296 3356
2 3304 3247 3296
2 3242 3247 3304
2 3242 3304 3318
2 3275 3242 3318
2 3275 3318 3298
2 3275 3298 3210
2 3210 3242 3275
2 3210 3121 3242
2 3080 3242 3121
2 3121 3016 3080
2 3121 3066 3016
2 3066 3121 3157
2 3157 3099 3066
2 3066 3099 3021
2 2985 3066 3021
2 2923 2985 3021
2 2923 3021 2940
2 3021 3037 2940
2 3200 3099 3157
2 3210 3200 3157
2 3121 3210 3157
2 3210 3298 3200
2 3200 3298 3220
2 3200 3220 3099
2 3220 3298 3315
2 3235 3220 3315
2 3322 3235 3315
2 3294 3235 3322
2 3200 3220 3099
2 3121 3210 3157
2 3080 3173 3242
2 3242 3173 3247
2 3080 3093 3173
2 3121 3210 3157
2 3210 3298 3200
2 3210 3242 3275
2 3242 3173 3247
2 3388 3399 3418
2 3418 3461 3416
2 3416 3390 3360
2 3395 3356 3418
2 3304 3296 3356
2 3242 3304 3318
2 3416 3390 3360
2 3390 3408 3355
2 3275 3318 3298
2 3220 3298 3315
2 3355 3408 3373
2 3322 3235 3315
2 3372 3373 3412
2 3294 3235 3322
2 3364 3314 3372
2 3294 3235 3322
2 3109 3123 3193
2 3235 3220 3315
2 3200 3220 3099
2 3066 3099 3021
2 3021 3037 2940
2 3111 3235 3123
2 3040 3123 3109
2 3021 3037 2940
2 2938 2848 2951
2 2923 3021 2940
2 2923 2985 3021
2 2985 3066 3021
2 3121 3066 3016
2 3121 3016 3080
2 3080 3093 3173
2 3091 3093 3018
2 3091 3093 3018
2 3091 3093 3018
2 3080 3093 3173
2 3242 3173 3247
2 3174 3159 3233
2 3304 3247 3296
2 3296 3330 3356
2 3330 3347 3388
2 3350 3347 3266
2 3279 3263 3212
2 3350 3266 3271
2 3350 3271 3293
2 3280 3331 3293
2 3312 3331 3280
2 3312 3234 3284
2 3234 3175 3248
2 3094 3197 3175
2 3081 3197 3094
2 3081 3017 3067
2 2944 3010 2927
2 2936 3017 2865
2 2927 2802 2944
2 2829 2865 2773
2 2697 2717 2802
2 2528 2717 2697
2 2553 2528 2697
2 2553 2385 2528
2 2553 2391 2385
2 2829 2773 2686
2 2537 2603 2686
2 2528 2717 2697
2 2361 2537 2370
2 2553 2385 2528
2 2252 2361 2370
2 2252 2289 2361
2 2364 2289 2215
2 2100 2112 2215
2 2171 2077 2199
2 2100 1993 2004
2 1859 2004 1993
2 1804 1859 1706
2 1477 1505 1388
2 1706 1622 1610
2 1804 1859 1706
2 1899 1894 1804
2 1899 2018 1894
2 2018 2123 2112
2 2030 2130 2123
2 1796 1972 1899
2 1972 1908 2030
2 2130 2030 2085
2 2085 2090 2251
2 2090 1916 2041
2 1908 1743 1912
2 1559 1665 1566
2 1459 1566 1573
2 1459 1573 1468
2 1468 1287 1459
2 1573 1633 1468
2 1908 1744 1743
2 1573 1633 1468
2 1908 1796 1744
2 1899 1689 1796
2 1689 1706 1594
2 1573 1633 1468
2 1477 1594 1610
2 1477 1388 1374
2 1374 1276 1245
2 1468 1287 1459
2 1117 1245 1015
2 1117 1103 1273
2 1468 1287 1459
2 1273 1324 1450
2 1459 1566 1573
2 1559 1665 1566
2 1444 1507 1559
2 1273 1324 1450
2 1324 1204 1319
2 1444 1507 1559
2 1319 1202 1317
2 1662 1663 1506
2 1619 1662 1506
2 1619 1788 1662
2 1662 1788 1786
2 1663 1662 1786
2 1742 1788 1619
2 1742 1911 1788
2 1788 1911 1914
2 1742 1794 1911
2 1663 1662 1786
2 1444 1507 1559
2 1559 1665 1566
2 1663 1662 1786
2 1743 1665 1790
2 1916 1912 1790
2 1918 2041 1916
2 1662 1788 1786
2 1788 1911 1914
2 1918 2041 1916
2 2209 2041 2145
2 2141 2312 2145
2 2034 2139 2141
2 1914 2039 1918
2 1788 1911 1914
2 2026 2034 1907
2 1742 1794 1911
2 1903 2026 1907
2 1903 1748 1897
2 1631 1583 1748
2 1742 1794 1911
2 1631 1565 1458
2 1742 1788 1619
2 1449 1565 1442
2 1619 1662 1506
2 1507 1317 1506
2 1329 1442 1267
2 1319 1202 1317
2 1204 1202 1319
2 1085 1204 1147
2 971 961 1085
2 1267 1202 1083
2 1087 1109 1218
2 1329 1442 1267
2 1351 1458 1329
2 1263 1351 1239
2 1087 1109 1218
2 1132 1263 1239
2 1132 1158 1263
2 1263 1158 1183
2 1339 1263 1183
2 1515 1497 1339
2 1480 1360 1342
2 1655 1648 1515
2 1766 1655 1635
2 1510 1615 1635
2 1377 1491 1510
2 1480 1360 1342
2 1376 1491 1377
2 1281 1212 1127
2 1244 1281 1127
2 1127 1105 1244
2 1105 1236 1244
2 1244 1236 1397
2 1378 1244 1397
2 1281 1244 1378
2 1236 1327 1397
2 1521 1397 1327
2 1470 1521 1327
2 1521 1470 1603
2 1660 1521 1603
2 1603 1470 1581
2 1581 1702 1603
2 1702 1581 1709
2 1327 1236 1232
2 1327 1232 1304
2 1232 1150 1304
2 1150 1300 1304
2 1300 1447 1304
2 1300 1150 1088
2 1150 985 1088
2 1088 985 1002
2 829 1002 985
2 985 919 829
2 751 829 919
2 919 754 751
2 754 665 751
2 665 754 639
2 746 639 754
2 746 754 874
2 845 746 874
2 845 874 957
2 845 957 972
2 845 972 939
2 845 939 841
2 913 841 939
2 939 1043 913
2 1043 958 913
2 857 913 958
2 841 913 857
2 841 857 761
2 722 841 761
2 722 761 667
2 1072 958 1043
2 1072 1043 1212
2 1212 1043 1127
2 939 1127 1043
2 939 972 1127
2 972 1105 1127
2 972 957 1105
2 957 1100 1105
2 1105 1100 1236
2 1100 1232 1236
2 1150 1232 1100
2 1100 985 1150
2 1100 919 985
2 957 919 1100
2 919 957 874
2 874 754 919
2 957 919 1100
2 939 1127 1043
2 841 913 857
2 939 972 1127
2 972 957 1105
2 919 957 874
2 874 754 919
2 874 754 919
2 1100 919 985
2 1100 985 1150
2 1150 1232 1100
2 1100 1232 1236
2 1105 1100 1236
2 972 1105 1127
2 1281 1244 1378
2 1212 1043 1127
2 1281 1244 1378
2 1376 1491 1377
2 1510 1491 1615
2 1615 1774 1784
2 1656 1814 1774
2 1483 1632 1491
2 1483 1376 1378
2 1378 1244 1397
2 1521 1397 1327
2 1660 1521 1603
2 1656 1632 1523
2 1656 1763 1814
2 1738 1881 1763
2 1660 1521 1603
2 1581 1702 1603
2 1782 1881 1738
2 1753 1920 1782
2 1702 1581 1709
2 1753 1799 1920
2 1924 1920 1799
2 2006 2067 1924
2 1921 2006 4567
2 1843 1709 1761
2 1756 1853 4567
2 3855 1649 1761
2 1649 1525 1671
2 1756 1853 4567
2 1713 1846 1853
2 1671 1525 1563
2 1721 1846 1713
2 1595 1751 1721
2 1651 1595 1535
2 1409 1540 1535
2 1395 1409 1283
2 1075 1257 1179
2 1179 1305 1283
2 1395 1409 1283
2 1520 1396 1489
2 1395 1409 1283
2 1409 1540 1535
2 1651 1540 1641
2 1659 1768 1641
2 1489 1611 1520
2 1659 1813 1835
2 1551 1708 1611
2 1813 1949 1976
2 2095 1949 1886
2 1886 1807 1990
2 1708 1811 1813
2 1551 1708 1611
2 1407 1551 1489
2 1333 1407 1305
2 1708 1403 1727
2 1807 1811 1727
2 1760 1891 1807
2 1616 1710 1760
2 1634 1537 1527
2 1514 1601 1616
2 1386 1485 1514
2 1386 1371 1485
2 1356 1466 1371
2 1341 1466 1356
2 1511 1341 1328
2 1439 1509 1322
2 1511 1341 1328
2 1511 1667 1672
2 1664 1787 1667
2 1664 1618 1785
2 1439 1509 1322
2 1555 1736 1618
2 1736 1555 1620
2 1736 1555 1620
2 1919 1785 1736
2 2040 1917 1919
2 2140 2142 2035
2 2038 1919 1915
2 2140 2142 2035
2 2140 2142 2035
2 2146 2142 2259
2 2379 2377 2502
2 2146 2142 2259
2 2146 2040 2038
2 2037 1917 2040
2 2138 2033 2037
2 2246 2138 2250
2 2257 2144 2259
2 2259 2379 2257
2 2483 2376 2500
2 2614 2483 2500
2 2379 2377 2502
2 2614 2483 2500
2 2614 2483 2500
2 2469 2677 2651
2 2483 2376 2500
2 2376 2250 2257
2 2250 2362 2246
2 2373 2483 2469
2 2362 2345 2246
2 2436 2345 2455
2 2571 2541 2455
2 2469 2677 2651
2 2651 2816 2788
2 2571 2541 2455
2 2541 2713 2566
2 2713 2720 2566
2 2720 2896 2846
2 2977 2968 2896
2 3079 2977 3008
2 2788 2852 2713
2 2651 2816 2788
2 2816 2827 2921
2 3020 2996 2921
2 2996 3020 3145
2 2996 3145 3108
2 2882 3008 2852
2 2996 3145 3108
2 3120 3079 3008
2 3120 3209 3207
2 2996 3145 3108
2 3209 3320 3297
2 3364 3320 3314
2 3294 3314 3219
2 3243 3209 3145
2 3193 3219 3109
2 2996 3020 3145
2 3040 3123 3109
2 2951 3040 2938
2 3020 2996 2921
2 2816 2827 2921
2 2848 2938 2841
2 2827 2677 2734
2 2848 2938 2841
2 2734 2614 2619
2 2619 2500 2502
2 2377 2498 2502
2 2485 2608 2498
2 2716 2735 2608
2 2619 2621 2746
2 2734 2746 2848
2 2940 2848 2842
2 2716 2735 2608
2 2923 2842 2821
2 2821 2884 2923
2 2985 2884 2935
2 2935 2970 3016
2 2889 3018 2970
2 3018 2889 2956
2 3031 3018 2956
2 3031 3159 3091
2 3174 3159 3233
2 3296 3233 3263
2 3279 3263 3212
2 3160 3212 3105
2 3167 3159 3082
2 3082 3031 2962
2 3031 2918 2962
2 2797 2744 2873
2 2705 2744 2797
2 2698 2705 2797
2 2705 2698 2617
2 2617 2585 2705
2 2585 2655 2705
2 2705 2655 2744
2 2744 2655 2700
2 2599 2700 2655
2 2617 2698 2556
2 2662 2556 2698
2 2705 2655 2744
2 2918 2956 2808
2 2698 2705 2797
2 2662 2556 2698
2 2808 2889 2801
2 2684 2496 2575
2 2662 2556 2698
2 2425 2556 2479
2 2372 2479 2451
2 2323 2372 2451
2 2323 2202 2372
2 2160 2202 2323
2 2308 2160 2323
2 2308 2176 2160
2 2160 2119 2202
2 2202 2119 2091
2 2119 2050 2091
2 1929 2091 2050
2 2050 1936 1929
2 2160 2050 2119
2 2160 2050 2119
2 2684 2496 2575
2 2323 2372 2451
2 2308 2160 2323
2 2584 2567 2434
2 2684 2496 2575
2 2684 2662 2801
2 2889 2864 2801
2 2828 2864 2935
2 2828 2765 2722
2 2684 2772 2584
2 2584 2567 2434
2 2493 2567 2657
2 2493 2657 2573
2 2690 2573 2657
2 2589 2573 2690
2 2828 2765 2722
2 2765 2884 2790
2 2690 2573 2657
2 2821 2716 2790
2 2589 2573 2690
2 2716 2735 2608
2 2485 2608 2498
2 2485 2374 2471
2 2589 2573 2690
2 2493 2657 2573
2 2493 2567 2657
2 2584 2567 2434
2 2496 2434 2308
2 2308 2176 2160
2 2308 2176 2160
2 2160 2050 2119
2 2050 1936 1929
2 2050 1936 1929
2 1929 2091 2050
2 1734 1840 1779
2 1929 1775 1880
2 1734 1840 1779
2 1734 1840 1779
2 1724 1870 1739
2 1970 1923 1870
2 1880 1840 2003
2 2057 1923 1970
2 1880 2003 2091
2 2202 2119 2091
2 2323 2202 2372
2 2372 2479 2451
2 2425 2556 2479
2 2337 2321 2222
2 2425 2556 2479
2 2617 2698 2556
2 2617 2585 2705
2 2585 2655 2705
2 2599 2700 2655
2 2599 2700 2655
2 2521 2552 2678
2 2552 2689 2678
2 2994 2983 2903
2 2994 2903 2986
2 2994 2986 3076
2 3076 3078 2994
2 3078 2983 2994
2 2870 2986 2903
2 3078 2983 2994
2 2775 2805 2881
2 2775 2700 2678
2 2744 2655 2700
2 2797 2744 2873
2 2881 2949 2833
2 2873 3009 2962
2 3082 3009 3055
2 2949 2881 2983
2 3167 3055 3105
2 3078 2983 2994
2 3160 3212 3105
2 3076 3078 2994
2 3271 3160 3161
2 3221 3271 3161
2 3280 3221 3224
2 3142 3234 3224
2 3030 2959 2895
2 2895 2963 3030
2 2830 2963 2895
2 2733 2830 2895
2 2895 2823 2733
2 2673 2733 2823
2 2673 2823 2723
2 2600 2673 2723
2 2723 2776 2600
2 2600 2776 2666
2 2666 2507 2600
2 2600 2507 2426
2 2534 2507 2666
2 2738 2534 2666
2 2738 2666 2785
2 2666 2776 2785
2 2666 2776 2785
2 2723 2823 2776
2 2723 2823 2776
2 2959 2823 2895
2 2959 2823 2895
2 3128 3161 3076
2 2994 2986 3076
2 2870 2986 2903
2 2959 2823 2895
2 2723 2823 2776
2 2666 2776 2785
2 2870 2986 2903
2 2738 2666 2785
2 2881 2805 2903
2 2805 2775 2689
2 2503 2689 2552
2 2738 2534 2666
2 2422 2432 2503
2 2432 2303 2405
2 2534 2507 2666
2 2600 2507 2426
2 2426 2275 2282
2 2384 2426 2282
2 2384 2282 2269
2 2340 2384 2269
2 2269 2282 2172
2 2172 2147 2269
2 2172 2282 2275
2 2172 2282 2275
2 2432 2303 2405
2 2303 2285 2134
2 2172 2282 2275
2 2172 2147 2269
2 2172 2147 2269
2 2340 2384 2269
2 2216 2007 2158
2 2340 2216 2233
2 2340 2384 2269
2 2384 2426 2282
2 2600 2507 2426
2 2600 2673 2723
2 2525 2340 2561
2 2673 2733 2823
2 2561 2533 2693
2 2733 2830 2895
2 2809 2693 2675
2 2830 2963 2895
2 2895 2963 3030
2 3142 3128 3030
2 3142 3140 3234
2 3175 3140 3048
2 3054 2963 2945
2 3010 3048 2927
2 2945 2830 2809
2 2927 2802 2944
2 2697 2717 2802
2 2809 2693 2675
2 2553 2528 2697
2 2675 2693 2533
2 2553 2391 2385
2 2561 2381 2533
2 2381 2233 2223
2 2553 2391 2385
2 2221 2370 2385
2 2221 2171 2252
2 2171 2077 2199
2 2077 1987 1993
2 1889 1993 1987
2 2054 2221 2074
2 1676 1862 1863
2 1889 2054 1974
2 1806 1993 1889
2 1706 1806 1622
2 1425 1622 1464
2 1358 1425 1464
2 1358 1425 1464
2 1505 1425 1388
2 1374 1388 1276
2 1312 1253 1196
2 1276 1159 1245
2 1159 1015 1245
2 990 1117 1015
2 885 977 990
2 977 885 861
2 779 765 861
2 977 861 971
2 971 961 1085
2 855 969 961
2 856 765 759
2 661 760 759
2 777 869 760
2 855 969 961
2 1087 1083 969
2 1087 1109 1218
2 988 1132 1109
2 966 988 891
2 869 975 969
2 777 869 760
2 966 891 824
2 794 777 709
2 966 891 824
2 1158 966 986
2 811 893 852
2 1025 1183 986
2 1222 1183 1025
2 1342 1360 1222
2 1377 1342 1212
2 1072 1043 1212
2 1070 1211 1222
2 1072 958 1043
2 1070 1025 893
2 857 913 958
2 811 893 852
2 841 857 761
2 811 755 693
2 722 761 667
2 722 761 667
2 722 841 761
2 845 939 841
2 845 746 874
2 780 722 698
2 610 646 698
2 746 639 754
2 646 610 567
2 665 754 639
2 754 665 751
2 751 829 919
2 927 806 959
2 927 959 1095
2 959 806 858
2 1022 959 858
2 829 1002 985
2 927 959 1095
2 1088 985 1002
2 1300 1150 1088
2 1300 1447 1304
2 1300 1447 1304
2 1327 1232 1304
2 1470 1521 1327
2 1603 1470 1581
2 1447 1550 1434
2 1702 1581 1709
2 3855 1761 1709
2 1447 1452 1550
2 1649 3855 1525
2 1326 1389 1452
2 1671 1525 1563
2 1713 1563 1526
2 1721 1526 1574
2 1595 1574 1476
2 1402 1364 1498
2 1409 1476 1299
2 1299 1271 1409
2 1283 1271 1191
2 1191 1069 1039
2 1185 1227 1064
2 1191 1069 1039
2 1075 1179 1039
2 1003 1257 1075
2 907 840 945
2 1168 1257 1003
2 1221 1270 1120
2 1168 1257 1003
2 1257 1333 1305
2 1419 1403 1333
2 1537 1403 1419
2 1634 1537 1527
2 1311 1514 1527
2 1419 1270 1385
2 1221 1270 1120
2 1241 1386 1311
2 1080 1157 1241
2 981 4022 1080
2 1221 1270 1120
2 1120 1168 945
2 907 840 945
2 945 896 1020
2 1020 981 1221
2 981 942 4022
2 916 942 773
2 851 896 788
2 773 851 734
2 916 942 773
2 679 732 773
2 666 607 679
2 627 547 563
2 627 547 563
2 627 563 690
2 718 635 575
2 974 968 1096
2 826 974 987
2 854 860 764
2 635 764 690
2 708 627 690
2 708 843 732
2 826 974 987
2 843 916 732
2 916 1027 4041
2 987 1115 1131
2 1027 1157 4041
2 1157 1262 1241
2 1238 1356 1262
2 987 1115 1131
2 1238 1217 1341
2 1115 974 1096
2 1082 1205 1096
2 1217 1322 1328
2 1318 1205 1203
2 1439 1509 1322
2 1439 1440 1555
2 1203 1323 1318
2 1443 1555 1440
2 1330 1323 1219
2 1512 1620 1443
2 1231 1400 1330
2 1668 1620 1512
2 1686 1584 1593
2 1668 1572 1673
2 1789 1620 1668
2 1919 1789 1915
2 2035 1915 1909
2 1795 1791 1668
2 1904 2027 1909
2 1673 1797 1795
2 2017 2010 2116
2 1898 1904 1797
2 1904 2027 1909
2 2017 2010 2116
2 2027 2125 2035
2 2125 2247 2140
2 2255 2140 2247
2 2377 2255 2374
2 2485 2374 2471
2 2471 2404 2573
2 2247 2241 2363
2 2404 2331 2493
2 2228 2241 2116
2 2331 2416 2493
2 2434 2416 2288
2 2288 2198 2176
2 2051 2198 2161
2 2307 2331 2228
2 2228 2241 2116
2 2017 2010 2116
2 2051 2198 2161
2 2010 1803 1893
2 2176 2051 2045
2 1986 2176 2045
2 1986 1861 1936
2 1893 1860 2045
2 2010 1803 1893
2 1898 1797 1803
2 1686 1797 1673
2 1686 1584 1593
2 1701 1754 1803
2 1718 1860 1754
2 1718 1609 1621
2 1861 1860 1718
2 1728 1936 1861
2 1666 1538 1588
2 1775 1929 1728
2 1661 1779 1775
2 1779 1661 1617
2 1580 1734 1617
2 1580 1532 1490
2 1580 1504 1604
2 1504 1346 1460
2 1251 1346 1248
2 1392 1490 1306
2 1248 1170 1251
2 1170 1134 1251
2 1197 1134 1107
2 951 1006 836
2 1006 875 836
2 951 1063 1107
2 1197 1134 1107
2 1361 1315 1197
2 1194 1149 1274
2 1499 1484 1361
2 1637 1499 1607
2 1607 1687 1741
2 1607 1687 1741
2 1905 1777 1741
2 1905 1973 2065
2 1815 1687 1875
2 1687 1783 1875
2 1783 3916 3868
2 3890 3868 3884
2 3999 3890 1998
2 1875 3857 2012
2 1875 2012 1973
2 1905 1973 2065
2 2168 1970 2065
2 3998 2168 4037
2 2057 1970 2168
2 2093 2003 2057
2 2222 2091 2093
2 2337 2321 2222
2 2334 2210 2286
2 2337 2453 2425
2 2453 2438 2585
2 2334 2210 2286
2 2286 2249 2393
2 2524 2585 2438
2 2524 2402 2599
2 2336 2402 4158
2 2286 2249 2393
2 3998 4037 2249
2 4037 2065 4150
2 3832 4150 1973
2 2249 2184 4158
2 2336 2402 4158
2 3832 2012 2143
2 2285 2422 2336
2 2303 2285 2134
2 3999 2143 2012
2 3999 3890 1998
2 3880 2137 2134
2 1998 3883 3911
2 3911 3873 3864
2 3917 3918 3864
2 3914 1971 3918
2 3886 3879 1971
2 3880 2137 2134
2 2066 2172 2137
2 1884 3879 3882
2 2172 2066 4082
2 2007 4082 1962
2 1780 1800 1884
2 2007 4082 1962
2 2216 2007 2158
2 2158 2223 2233
2 2239 2391 2223
2 2074 2221 2239
2 2074 2043 1974
2 2156 2158 2020
2 1864 1863 2043
2 1740 1864 1877
2 1996 2020 2158
2 1890 1996 2007
2 1740 1864 1877
2 1890 1962 1800
2 1740 1890 1755
2 1740 1864 1877
2 1863 1864 1676
2 1553 1524 1685
2 1676 1862 1863
2 1862 1810 1889
2 1889 1810 1723
2 1554 1622 1723
2 1600 1737 1676
2 1554 1405 1464
2 1448 1600 1524
2 1358 1405 1213
2 1166 1213 1125
2 1076 1054 973
2 1184 1101 1155
2 914 1101 963
2 1076 1054 973
2 1076 1054 973
2 1125 1216 1076
2 1166 1125 1024
2 936 894 1122
2 1166 1125 1024
2 1213 1166 1253
2 1312 1253 1196
2 1065 1159 1196
2 1122 894 964
2 1015 1065 917
2 894 853 964
2 808 885 917
2 779 885 808
2 678 765 779
2 663 765 678
2 663 661 759
2 760 661 676
2 676 777 760
2 794 777 709
2 578 654 628
2 548 578 628
2 709 755 824
2 811 755 693
2 578 654 628
2 693 620 667
2 667 620 610
2 567 610 510
2 567 610 510
2 639 567 522
2 553 639 522
2 553 686 665
2 717 829 686
2 717 806 829
2 959 806 858
2 1022 959 858
2 1266 1136 1156
2 1022 959 858
2 927 959 1095
2 1266 1293 1136
2 1088 1095 1188
2 1300 1188 1326
2 1326 1389 1452
2 1266 1293 1136
2 1435 1525 1389
2 1266 1156 1292
2 1402 1526 1435
2 1402 1364 1498
2 1364 1227 1299
2 1292 1156 1123
2 1185 1227 1064
2 918 1064 965
2 1022 931 1123
2 1022 868 931
2 868 719 725
2 664 835 725
2 931 842 965
2 918 1064 965
2 1039 918 933
2 933 792 907
2 918 835 827
2 664 835 725
2 618 593 681
2 792 827 715
2 697 681 593
2 933 792 907
2 907 840 945
2 788 896 840
2 734 788 666
2 749 792 697
2 593 552 697
2 450 536 502
2 412 450 502
2 420 412 502
2 450 412 379
2 379 395 450
2 666 607 679
2 488 547 607
2 450 536 502
2 379 395 450
2 488 463 563
2 563 463 513
2 473 575 513
2 444 463 384
2 444 375 473
2 473 575 513
2 662 718 575
2 662 718 575
2 718 854 764
2 968 854 960
2 1084 1082 960
2 1097 1084 970
2 962 854 804
2 804 662 677
2 677 704 778
2 704 795 778
2 970 804 814
2 1097 970 976
2 989 1116 976
2 989 892 1014
2 878 814 778
2 704 795 778
2 1014 892 825
2 704 795 778
2 825 733 774
2 825 733 774
2 1014 892 825
2 1045 1189 1014
2 812 897 774
2 1071 935 1023
2 1081 897 934
2 1081 1045 897
2 1264 1195 1301
2 1301 1387 1264
2 1195 1252 1301
2 1252 1343 1301
2 1045 1189 1014
2 1231 1189 1357
2 1301 1387 1264
2 1357 1264 1373
2 1357 1400 1231
2 1400 1572 1512
2 1572 1584 1673
2 1686 1584 1593
2 1373 1486 1467
2 1593 1609 1701
2 1621 1609 1516
2 1486 1373 1387
2 1621 1516 1424
2 1301 1387 1264
2 1252 1343 1301
2 1424 1463 1621
2 1252 1343 1301
2 1195 1252 1301
2 1195 1081 1071
2 1071 935 1023
2 1335 1252 1165
2 1335 1463 1343
2 1463 1538 1621
2 1666 1538 1588
2 1532 1617 1588
2 1532 1408 1490
2 1335 1294 1404
2 1490 1408 1306
2 1144 1294 1169
2 1306 1145 1248
2 1170 1145 1053
2 3994 1053 922
2 3994 1053 922
2 4145 1053 3994
2 1134 4145 4017
2 1134 4017 1006
2 1006 875 836
2 953 3994 3986
2 3986 922 4151
2 1006 875 836
2 682 685 747
2 685 649 809
2 720 809 649
2 604 720 649
2 604 649 588
2 604 588 486
2 486 479 604
2 604 479 585
2 585 720 604
2 714 720 585
2 714 585 574
2 714 574 670
2 670 805 714
2 859 714 805
2 805 909 859
2 915 909 805
2 886 915 805
2 726 886 805
2 670 726 805
2 726 670 605
2 726 605 650
2 810 726 650
2 810 650 789
2 810 789 930
2 952 810 930
2 886 810 952
2 886 952 915
2 810 886 726
2 789 650 716
2 789 716 793
2 716 640 793
2 793 640 614
2 535 614 640
2 566 535 640
2 640 650 566
2 650 537 566
2 477 566 537
2 487 477 537
2 487 537 605
2 487 605 544
2 487 544 471
2 424 487 471
2 403 424 471
2 407 403 471
2 471 479 407
2 479 486 407
2 432 407 486
2 486 524 432
2 524 476 432
2 432 476 378
2 407 432 378
2 378 352 407
2 349 407 352
2 349 352 301
2 301 352 310
2 378 310 352
2 378 341 310
2 421 341 378
2 378 476 421
2 511 421 476
2 341 421 357
2 414 357 421
2 403 407 349
2 403 349 424
2 363 424 349
2 424 363 477
2 424 477 487
2 477 363 401
2 401 461 477
2 477 461 535
2 477 535 566
2 401 374 461
2 374 401 342
2 363 342 401
2 363 342 401
2 378 310 352
2 378 476 421
2 486 588 524
2 407 432 378
2 471 574 479
2 479 574 585
2 471 544 574
2 544 670 574
2 605 670 544
2 403 407 349
2 403 349 424
2 424 477 487
2 471 544 574
2 605 670 544
2 605 537 650
2 424 477 487
2 477 535 566
2 605 537 650
2 650 640 716
2 477 535 566
2 650 640 716
2 650 640 716
2 810 886 726
2 605 537 650
2 605 670 544
2 810 886 726
2 886 952 915
2 714 859 720
2 720 859 3859
2 720 3859 809
2 670 726 805
2 544 670 574
2 479 574 585
2 714 859 720
2 479 574 585
2 479 486 407
2 486 588 524
2 685 588 649
2 585 720 604
2 720 3859 809
2 685 588 649
2 951 1006 836
2 720 3859 809
2 921 1063 951
2 720 859 3859
2 1063 921 1019
2 805 909 859
2 915 909 805
2 1149 1063 1019
2 1194 1149 1274
2 1399 1361 1274
2 1531 1384 1530
2 1543 1607 1399
2 1543 1675 1687
2 1669 3853 1675
2 1531 1384 1530
2 1669 1638 3853
2 1534 1530 1427
2 1638 1677 1746
2 1677 1800 1780
2 1755 1800 1636
2 1612 1487 1488
2 1636 1625 1755
2 1625 1553 1685
2 1553 1524 1685
2 1448 1600 1524
2 1282 1405 1448
2 1216 1125 1282
2 1302 1076 1216
2 1347 1155 1302
2 1363 1524 1475
2 1625 1488 1475
2 1345 1184 1347
2 1612 1487 1488
2 1198 1345 1383
2 1612 1534 1487
2 1534 1530 1427
2 1198 1345 1383
2 1089 1101 1198
2 1190 1198 1275
2 1383 1427 1275
2 1265 1427 1384
2 1265 1149 1139
2 1190 1215 1040
2 1139 1019 1026
2 1026 1019 915
2 886 952 915
2 1190 1040 1089
2 952 810 930
2 1101 1089 963
2 810 789 930
2 914 1101 963
2 789 716 793
2 973 914 847
2 793 640 614
2 723 756 660
2 756 847 793
2 1044 973 847
2 887 1024 1044
2 723 736 818
2 936 887 813
2 736 595 695
2 813 853 894
2 724 808 853
2 813 695 775
2 580 695 595
2 775 655 724
2 779 724 691
2 546 678 691
2 445 546 464
2 546 577 678
2 577 541 661
2 541 434 514
2 474 445 377
2 455 514 434
2 336 396 383
2 400 489 396
2 455 514 434
2 587 541 514
2 587 647 676
2 709 647 628
2 548 578 628
2 489 532 455
2 548 578 628
2 578 492 620
2 400 489 396
2 460 610 492
2 510 460 475
2 522 475 431
2 522 431 485
2 485 543 553
2 624 553 543
2 622 717 624
2 717 622 719
2 868 719 725
2 664 835 725
2 618 664 572
2 533 618 572
2 618 533 593
2 593 552 697
2 552 502 666
2 420 412 502
2 509 533 459
2 420 412 502
2 450 412 379
2 379 395 450
2 384 463 395
2 375 384 329
2 346 338 299
2 376 329 333
2 376 329 333
2 376 435 375
2 391 427 456
2 505 473 435
2 526 456 549
2 505 576 575
2 662 576 677
2 677 704 778
2 733 704 629
2 576 526 603
2 526 456 549
2 629 579 733
2 456 490 549
2 493 490 427
2 733 579 694
2 694 668 735
2 594 503 611
2 694 668 735
2 812 694 735
2 934 812 935
2 1071 935 1023
2 1169 1165 1023
2 1144 1294 1169
2 1005 1145 1144
2 908 922 1005
2 1004 1023 881
2 4151 922 908
2 747 875 4151
2 682 685 747
2 3960 659 682
2 750 659 3960
2 750 659 3960
2 846 908 881
2 823 881 1023
2 823 735 4123
2 668 4157 4123
2 750 659 3960
2 668 611 4157
2 581 611 503
2 3960 659 682
2 682 685 747
2 685 588 649
2 486 588 524
2 524 476 432
2 511 421 476
2 682 581 608
2 581 611 503
2 511 421 476
2 414 357 421
2 503 594 493
2 493 490 427
2 380 427 351
2 414 357 421
2 380 427 351
2 333 288 351
2 380 307 357
2 341 421 357
2 378 341 310
2 301 352 310
2 273 284 311
2 273 239 284
2 349 352 301
2 363 424 349
2 363 342 401
2 273 284 311
2 374 401 342
2 342 284 304
2 273 239 284
2 271 304 242
2 294 324 271
2 294 324 271
2 374 304 324
2 401 374 461
2 477 461 535
2 535 614 640
2 614 660 756
2 723 660 641
2 736 641 595
2 3851 461 504
2 504 415 494
2 580 695 595
2 655 580 630
2 564 691 630
2 464 546 564
2 397 464 428
2 494 523 580
2 504 415 494
2 415 324 362
2 397 464 428
2 362 294 337
2 385 464 397
2 377 445 385
2 377 330 383
2 337 294 287
2 330 286 336
2 261 286 246
2 271 248 287
2 226 248 227
2 226 219 229
2 229 219 238
2 261 286 246
2 229 219 238
2 303 339 306
2 306 339 350
2 229 267 261
2 286 261 293
2 306 339 350
2 336 286 293
2 336 396 383
2 400 489 396
2 306 339 350
2 492 400 413
2 413 393 460
2 388 393 340
2 303 339 306
2 267 282 303
2 388 393 340
2 431 388 361
2 340 282 319
2 238 282 267
2 319 272 300
2 319 300 361
2 431 361 406
2 472 485 406
2 540 543 472
2 602 622 540
2 484 572 602
2 402 423 478
2 484 459 533
2 420 459 387
2 387 360 335
2 402 423 478
2 402 406 347
2 305 347 300
2 387 360 335
2 373 387 335
2 338 412 373
2 346 338 299
2 285 329 299
2 288 329 285
2 288 262 307
2 307 262 292
2 292 283 341
2 251 220 237
2 268 310 283
2 273 301 268
2 273 239 284
2 242 239 221
2 251 220 237
2 242 221 227
2 226 248 227
2 226 219 229
2 208 205 204
2 204 207 211
2 218 211 207
2 229 219 238
2 238 244 272
2 218 211 207
2 300 244 305
2 281 335 305
2 218 241 252
2 281 302 335
2 270 338 302
2 245 285 270
2 247 245 225
2 218 241 252
2 218 211 207
2 247 245 225
2 247 230 262
2 251 230 220
2 205 221 220
2 215 225 207
2 208 205 204
2 204 207 211
3 1032 3966 1042
3 3966 1092 1042
3 1092 3966 1143
3 3966 5196 1143
3 5196 1226 1143
3 1278 1226 5196
3 1278 5196 3783
3 1278 3783 5216
3 1278 5216 1350
3 1414 1350 5216
3 5216 1528 1414
3 1643 1528 5216
3 1643 5216 3901
3 1770 1643 3901
3 1770 3901 1888
3 3901 4739 1888
3 1888 4739 2021
3 4739 2133 2021
3 3789 2133 4739
3 4739 1865 3789
3 3839 3789 1865
3 1865 4604 3839
3 3807 3839 4604
3 4604 3900 3807
3 3900 4193 3807
3 3807 4193 2098
3 2219 3807 2098
3 2356 3807 2219
3 3807 2356 2418
3 2418 2508 3807
3 2508 2576 3807
3 3906 3807 2576
3 3906 2576 2630
3 3906 2630 2664
3 3906 2664 2668
3 3906 2668 4042
3 3906 4042 3839
3 3807 3906 3839
3 4042 3789 3839
3 3789 4042 2613
3 2577 3789 2613
3 2577 2509 3789
3 3789 2509 2419
3 3789 2419 2315
3 3789 2315 2220
3 3789 2220 2133
3 4042 2645 2613
3 4042 2668 2645
3 4042 2668 2645
3 3807 3906 3839
3 4193 1983 2098
3 1887 1983 4193
3 3900 1887 4193
3 3900 1769 1887
3 3900 1642 1769
3 3900 1570 1642
3 3782 1570 3900
3 3782 3900 4604
3 3782 4604 3821
3 3821 4197 3782
3 4197 1142 3782
3 3782 1142 1225
3 1225 1277 3782
3 3782 1277 1349
3 3782 1349 1456
3 3782 1456 1570
3 1091 1142 4197
3 1050 1091 4197
3 4197 1032 1050
3 3966 1032 4197
3 3821 3966 4197
3 3783 3966 3821
3 1865 3783 3821
3 3821 4604 1865
3 3783 1865 3901
3 3901 5216 3783
3 3901 1865 4739
3 3966 3783 5196
3 3821 3966 4197
3 3821 4604 1865
3 3782 1456 1570
3 3900 1887 4193
3 3782 3900 4604
3 3807 3906 3839
3 3821 4604 1865
3 4042 3789 3839
3 3901 1865 4739
3 3789 2220 2133
3 3901 1865 4739
3 3901 5216 3783
3 3901 5216 3783
3 3966 3783 5196
3 3966 3783 5196
3 3966 1032 4197
