1 1876 0 607
1 1876 607 1705
1 1705 1684 1876
1 1876 1684 1721
1 1721 2508 1876
1 1876 2508 0
1 3382 2508 1721
1 1721 409 3382
1 409 3385 3382
1 1113 3385 409
1 1733 1113 409
1 1733 409 1732
1 1701 1733 1732
1 1701 1732 1291
1 1291 1722 1701
1 1722 1235 1701
1 1235 1734 1701
1 1734 916 1701
1 1733 1701 916
1 916 1300 1733
1 2603 1733 1300
1 3124 2603 1300
1 3124 1300 893
1 3125 3124 893
1 1139 3125 893
1 893 412 1139
1 1139 412 1349
1 1349 3125 1139
1 3125 1349 1671
1 3125 1671 1152
1 3125 1152 2534
1 1115 3125 2534
1 1115 2534 3387
1 1024 1115 3387
1 3386 1115 1024
1 3386 1415 1115
1 1115 1415 3124
1 1115 3124 3125
1 1150 3124 1415
1 1150 1415 3386
1 3385 1150 3386
1 3385 1113 1150
1 1113 1733 1150
1 1150 1733 2603
1 1150 2603 3124
1 1150 2603 3124
1 1150 1415 3386
1 2534 1152 3387
1 3387 1152 1220
1 1220 1152 3388
1 1152 2535 3388
1 3388 2535 1151
1 3388 1151 3389
1 3129 3389 1151
1 1151 2192 3129
1 1342 3129 2192
1 1342 2192 3126
1 3126 1349 1342
1 1349 3127 1342
1 3127 3130 1342
1 1342 3130 1237
1 3129 1342 1237
1 3129 1237 1149
1 1149 3389 3129
1 3389 1149 3390
1 1153 3390 1149
1 3132 1153 1149
1 1149 1237 3132
1 1237 3133 3132
1 3132 3133 1369
1 1369 3136 3132
1 1153 3132 3136
1 1153 3136 3391
1 2011 1153 3391
1 3390 1153 2011
1 1114 3391 3136
1 1413 1114 3136
1 3136 1230 1413
1 1413 1230 3141
1 3141 1114 1413
1 1114 3141 2068
1 1114 2068 3392
1 1114 3392 3391
1 3392 2068 1056
1 2068 860 1056
1 1056 860 122
1 3153 122 860
1 3153 860 3146
1 1523 3153 3146
1 3452 1523 3146
1 3147 3452 3146
1 1195 3147 3146
1 3146 1680 1195
1 1680 3141 1195
1 3141 1230 1195
1 1230 3142 1195
1 1195 3142 3147
1 3142 1194 3147
1 2163 3147 1194
1 3148 2163 1194
1 3143 3148 1194
1 1194 1228 3143
1 1228 1175 3143
1 1175 1231 3143
1 1231 3144 3143
1 874 3143 3144
1 874 3144 3149
1 3148 874 3149
1 3454 3148 3149
1 3149 2164 3454
1 3454 2164 2866
1 2164 3455 2866
1 2164 3150 3455
1 2165 3455 3150
1 3150 1197 2165
1 1197 3151 2165
1 3456 2165 3151
1 2867 3456 3151
1 3151 3152 2867
1 2867 3152 3457
1 3152 3458 3457
1 877 3458 3152
1 2870 877 3152
1 3152 2119 2870
1 280 2870 2119
1 411 280 2119
1 1197 411 2119
1 1197 2119 3151
1 2119 3152 3151
1 1197 891 411
1 891 1794 411
1 1794 1229 411
1 411 1229 280
1 1229 1802 280
1 2870 280 1802
1 2870 1802 1803
1 359 2870 1803
1 1803 1057 359
1 1057 1164 359
1 1164 3458 359
1 359 3458 877
1 2870 359 877
1 1057 123 1164
1 3217 1057 1803
1 2194 3217 1803
1 2194 1803 1802
1 2194 1802 1795
1 1795 1367 2194
1 2201 2194 1367
1 1793 2201 1367
1 1367 1791 1793
1 1791 1784 1793
1 2195 1793 1784
1 3214 2195 1784
1 3214 1784 2200
1 2200 3213 3214
1 1776 3213 2200
1 2200 1309 1776
1 1775 1776 1309
1 957 1775 1309
1 957 1309 1781
1 1781 1354 957
1 1775 957 1354
1 1775 1354 1355
1 1347 1775 1355
1 1765 1347 1355
1 1765 1355 1014
1 1353 1765 1014
1 1014 1763 1353
1 1306 1353 1763
1 1763 1346 1306
1 1346 1761 1306
1 1761 1750 1306
1 1750 1752 1306
1 1752 1353 1306
1 1353 1752 1352
1 1352 1753 1353
1 1765 1353 1753
1 1753 1307 1765
1 1307 1347 1765
1 1307 1766 1347
1 1766 2199 1347
1 2199 1776 1347
1 1775 1347 1776
1 2199 3213 1776
1 2199 3212 3213
1 1766 3212 2199
1 3212 1766 2198
1 2198 2982 3212
1 2198 3211 2982
1 3211 2198 1755
1 3211 1755 2197
1 2197 2981 3211
1 2197 3210 2981
1 3210 2197 1743
1 1743 2196 3210
1 2196 3209 3210
1 1731 3209 2196
1 1731 2196 1299
1 1731 1299 1295
1 1731 1295 2182
1 3209 1731 2182
1 3209 2182 2214
1 2214 2182 1
1 2182 1719 1
1 2182 1295 1719
1 1719 1295 1717
1 1717 1295 1796
1 1717 1796 1350
1 1043 1717 1350
1 1715 1043 1350
1 1728 1715 1350
1 1351 1728 1350
1 1351 1350 1730
1 1351 1730 1299
1 1351 1299 1741
1 1740 1351 1741
1 1740 1741 1352
1 1740 1352 913
1 1303 1740 913
1 1303 913 1752
1 1303 1752 1750
1 1750 1302 1303
1 1302 1739 1303
1 1739 1298 1303
1 1298 1740 1303
1 1740 1298 1728
1 1728 1351 1740
1 1294 1728 1298
1 1727 1294 1298
1 1727 1298 1297
1 1293 1727 1297
1 1724 1293 1297
1 1724 1297 876
1 1724 876 1296
1 1724 1296 1292
1 1292 1711 1724
1 1711 1293 1724
1 1711 1713 1293
1 1293 1713 1294
1 1727 1293 1294
1 1423 1294 1713
1 1715 1294 1423
1 1715 1728 1294
1 1709 1711 1292
1 615 1709 1292
1 1723 615 1292
1 1292 1296 1723
1 1723 1296 1737
1 1235 1723 1737
1 1734 1235 1737
1 892 1734 1737
1 1737 1301 892
1 1301 1747 892
1 1745 892 1747
1 1745 1747 1027
1 1745 1027 283
1 412 1745 283
1 412 283 2120
1 412 2120 1349
1 2120 3127 1349
1 2120 2797 3127
1 2797 1236 3127
1 3127 1236 3130
1 1236 1233 3130
1 3133 3130 1233
1 3133 1233 1356
1 3133 1356 1890
1 3133 1890 1369
1 1890 3137 1369
1 3137 1230 1369
1 1369 1230 3136
1 3137 3142 1230
1 3137 1228 3142
1 1194 3142 1228
1 3138 1228 3137
1 1356 3138 3137
1 1890 1356 3137
1 1356 3134 3138
1 3134 1370 3138
1 1370 1231 3138
1 3138 1231 1175
1 3138 1175 1228
1 3139 1231 1370
1 1401 3139 1370
1 3135 1401 1370
1 3135 1370 1632
1 1631 3135 1632
1 1631 1632 3134
1 1325 1631 3134
1 1233 1325 3134
1 1233 3134 1356
1 1325 1233 3131
1 3131 1238 1325
1 1325 1238 1631
1 1238 3135 1631
1 1238 290 3135
1 3135 290 1786
1 1787 3135 1786
1 1787 1786 1702
1 821 1787 1702
1 821 1702 1789
1 821 1789 1365
1 3140 821 1365
1 3140 1365 891
1 431 3140 891
1 891 3145 431
1 431 3145 1232
1 1857 431 1232
1 1857 1232 1371
1 3140 1857 1371
1 3140 1371 1787
1 3140 1787 821
1 1371 1401 1787
1 1401 3135 1787
1 3139 1401 1371
1 1371 1232 3139
1 3139 1232 1231
1 1231 1232 3144
1 3144 1232 1196
1 1196 3149 3144
1 3149 1196 3150
1 3149 3150 2164
1 3145 3150 1196
1 1196 1232 3145
1 1197 3150 3145
1 891 1197 3145
1 1196 1232 3145
1 3140 431 1857
1 1371 1232 3139
1 3140 431 1857
1 1196 1232 3145
1 891 1197 3145
1 3140 431 1857
1 891 1365 1794
1 1659 1794 1365
1 1365 1789 1659
1 1659 1789 1376
1 1794 1659 1376
1 1794 1376 1795
1 1794 1795 1229
1 1229 1795 1802
1 1367 1795 1376
1 1791 1367 1376
1 1376 1142 1791
1 1781 1791 1142
1 1348 1781 1142
1 1142 1789 1348
1 1779 1348 1789
1 1702 1779 1789
1 617 1779 1702
1 1786 617 1702
1 617 1786 1281
1 617 1281 1308
1 1779 617 1308
1 1308 1354 1779
1 1348 1779 1354
1 1348 1354 1781
1 1773 1354 1308
1 1308 1474 1773
1 1346 1773 1474
1 1346 1474 1771
1 1771 1345 1346
1 1346 1345 1761
1 1345 1061 1761
1 1061 1305 1761
1 1305 1750 1761
1 1302 1750 1305
1 1302 1305 1748
1 1301 1302 1748
1 1748 1747 1301
1 1748 1872 1747
1 1872 1685 1747
1 1027 1747 1685
1 283 1027 1685
1 1768 283 1685
1 1685 2795 1768
1 1768 2795 3128
1 1768 3128 2120
1 283 1768 2120
1 2120 3128 2797
1 3128 1236 2797
1 3128 2980 1236
1 2980 3131 1236
1 1236 3131 1233
1 895 3131 2980
1 895 2980 3128
1 3128 2795 895
1 1769 895 2795
1 1345 1769 2795
1 1760 1345 2795
1 1760 2795 1685
1 1760 1685 1872
1 1760 1872 1305
1 1760 1305 1061
1 1345 1760 1061
1 1872 1748 1305
1 1345 1760 1061
1 1345 1771 1769
1 1769 1771 915
1 2528 1769 915
1 2528 915 290
1 1238 2528 290
1 2528 1238 895
1 895 1769 2528
1 3131 895 1238
1 290 915 1786
1 1281 1786 915
1 1281 915 1771
1 1281 1771 1308
1 1308 1771 1474
1 895 1769 2528
1 1281 915 1771
1 895 1769 2528
1 3131 895 1238
1 895 2980 3128
1 3128 2795 895
1 1760 2795 1685
1 283 1768 2120
1 1760 1685 1872
1 1872 1748 1305
1 1738 1302 1301
1 1738 1301 1296
1 876 1738 1296
1 876 1297 1738
1 1739 1738 1297
1 1297 1298 1739
1 1302 1738 1739
1 1301 1737 1296
1 1302 1738 1739
1 1872 1748 1305
1 1760 1305 1061
1 1345 1760 1061
1 1345 1771 1769
1 1308 1771 1474
1 1346 1763 1773
1 1773 1763 1355
1 1354 1773 1355
1 1014 1355 1763
1 1308 1771 1474
1 1354 1773 1355
1 1281 1771 1308
1 1281 1786 915
1 1779 617 1308
1 1348 1779 1354
1 1376 1789 1142
1 1348 1354 1781
1 1781 1784 1791
1 1309 1784 1781
1 1309 2200 1784
1 1376 1789 1142
1 1376 1789 1142
1 1794 1659 1376
1 3140 1787 821
1 1365 1789 1659
1 1702 1779 1789
1 3140 1787 821
1 1786 617 1702
1 1401 3135 1787
1 290 915 1786
1 1238 2528 290
1 3131 895 1238
1 1236 3131 1233
1 1325 1238 1631
1 1632 1370 3134
1 1238 3135 1631
1 1632 1370 3134
1 1401 3135 1787
1 3139 1401 1371
1 3139 1232 1231
1 1632 1370 3134
1 1233 3134 1356
1 3138 1175 1228
1 1890 1356 3137
1 1890 1356 3137
1 1233 3134 1356
1 1237 3130 3133
1 1236 3131 1233
1 3128 1236 2797
1 2120 3128 2797
1 283 1768 2120
1 893 1745 412
1 1300 1745 893
1 1745 1300 892
1 1734 892 1300
1 1734 1300 916
1 283 1027 1685
1 1027 1747 1685
1 1745 1300 892
1 1748 1747 1301
1 1301 1737 1296
1 1734 892 1300
1 1723 1235 1722
1 1234 1723 1722
1 1708 1234 1722
1 1722 1291 1708
1 1291 1705 1708
1 1705 1291 1684
1 1684 1291 1732
1 1684 1732 1721
1 409 1721 1732
1 1708 1709 1234
1 1234 1709 615
1 615 1723 1234
1 615 1723 1234
1 1301 1737 1296
1 615 1723 1234
1 1234 1709 615
1 1292 1296 1723
1 876 1738 1296
1 876 1297 1738
1 1711 1293 1724
1 1727 1293 1294
1 1297 1298 1739
1 1727 1293 1294
1 1715 1728 1294
1 1297 1298 1739
1 1302 1738 1739
1 1302 1750 1305
1 913 1352 1752
1 1298 1740 1303
1 913 1352 1752
1 1741 1304 1352
1 1352 1304 1753
1 1307 1753 1304
1 1304 1755 1307
1 1755 1766 1307
1 2198 1766 1755
1 1304 2197 1755
1 1743 2197 1304
1 1304 1299 1743
1 2196 1743 1299
1 1304 1741 1299
1 1304 1741 1299
1 1728 1351 1740
1 1304 1741 1299
1 1295 1299 1730
1 1796 1295 1730
1 1796 1730 1350
1 1796 1730 1350
1 1728 1351 1740
1 1715 1728 1294
1 1796 1730 1350
1 1796 1295 1730
1 2182 1295 1719
1 1295 1299 1730
1 2196 1743 1299
1 3209 1731 2182
1 2196 1743 1299
1 1743 2197 1304
1 1304 2197 1755
1 2198 1766 1755
1 2198 1766 1755
1 1766 3212 2199
1 1755 1766 1307
1 1307 1753 1304
1 1352 1304 1753
1 913 1352 1752
1 1303 1752 1750
1 1305 1750 1761
1 1346 1345 1761
1 1346 1763 1773
1 1752 1353 1306
1 1014 1355 1763
1 1765 1353 1753
1 1014 1355 1763
1 1307 1347 1765
1 1775 1347 1776
1 1354 1773 1355
1 1348 1354 1781
1 1309 1784 1781
1 1775 957 1354
1 1775 1347 1776
1 1309 2200 1784
1 2199 3213 1776
1 1309 2200 1784
1 2195 3214 1128
1 2195 1128 3215
1 3215 1793 2195
1 1793 3215 2201
1 3215 3216 2201
1 2201 3216 2194
1 2194 3216 3217
1 3215 1793 2195
1 1781 1784 1791
1 1791 1367 1376
1 1793 3215 2201
1 2201 3216 2194
1 1367 1795 1376
1 1229 1795 1802
1 2194 3216 3217
1 2870 359 877
1 2194 1803 1802
1 1229 1795 1802
1 1794 1795 1229
1 891 1365 1794
1 891 1197 3145
1 411 1229 280
1 2870 280 1802
1 2119 3152 3151
1 2870 359 877
1 359 3458 877
1 2119 3152 3151
1 3456 3455 2165
1 1197 2119 3151
1 1197 3150 3145
1 3456 3455 2165
1 3149 3150 2164
1 3149 3150 2164
1 3148 3454 3453
1 3148 3453 2163
1 2163 3453 2800
1 2163 2800 3452
1 3147 2163 3452
1 3148 3143 874
1 1196 3149 3144
1 3148 3143 874
1 1231 1232 3144
1 3138 1231 1175
1 3138 1175 1228
1 1194 3142 1228
1 3148 3143 874
1 3148 3453 2163
1 3147 2163 3452
1 1194 3142 1228
1 3137 3142 1230
1 3141 1680 860
1 860 2068 3141
1 1680 3146 860
1 1680 3146 860
1 1195 3142 3147
1 3147 2163 3452
1 1680 3146 860
1 860 2068 3141
1 860 2068 3141
1 3141 1230 1195
1 1369 1230 3136
1 3141 1114 1413
1 1114 3392 3391
1 1369 1230 3136
1 3133 1890 1369
1 1237 3130 3133
1 1153 3132 3136
1 3390 1153 2011
1 1149 1237 3132
1 1237 3130 3133
1 3127 1236 3130
1 2120 3127 1349
1 1671 1349 3126
1 1671 3126 1152
1 1152 3126 2535
1 2535 3126 1151
1 1151 3126 2192
1 1151 3126 2192
1 3129 1342 1237
1 1151 3126 2192
1 1149 3389 3129
1 2535 3126 1151
1 1152 3126 2535
1 1115 3124 3125
1 2534 1152 3387
1 1671 3126 1152
1 1671 1349 3126
1 412 2120 1349
1 893 1745 412
1 1349 3125 1139
1 1115 3124 3125
1 1300 1745 893
1 1150 2603 3124
1 1150 1733 2603
1 1734 1300 916
1 1734 1300 916
1 1734 1235 1737
1 1723 1235 1722
1 1722 1291 1708
1 1684 1291 1732
1 1733 1701 916
1 409 1721 1732
1 1113 1733 1150
1 3385 1113 1150
1 409 1721 1732
1 1684 1732 1721
1 1705 1291 1684
1 1876 2508 0
2 29 4 6
2 10 29 6
2 2734 10 6
2 2734 6 3286
2 2734 3286 3228
2 2734 3228 2731
2 2204 2734 2731
2 2204 2731 2960
2 2204 2960 3499
2 2204 3499 3503
2 1924 2204 3503
2 3503 16 1924
2 1924 16 2734
2 1924 2734 2204
2 2734 16 13
2 10 2734 13
2 29 10 13
2 13 16 29
2 29 16 2786
2 29 2786 2779
2 29 2779 2783
2 29 2783 2788
2 29 2788 33
2 29 33 26
2 29 26 22
2 29 22 18
2 29 18 15
2 29 15 8
2 29 8 4
2 3115 4 8
2 3115 8 15
2 3154 3115 15
2 1469 3154 15
2 15 18 1469
2 18 22 1469
2 22 1372 1469
2 1372 1495 1469
2 3154 1469 1495
2 3154 1495 1004
2 3154 1004 3115
2 3115 1004 2725
2 3244 3115 2725
2 3244 2725 3116
2 3240 3244 3116
2 3116 3241 3240
2 3240 3241 3237
2 3221 3240 3237
2 3221 3237 3226
2 3221 3226 2240
2 3221 2240 3228
2 2070 3221 3228
2 3246 2070 3228
2 3286 3246 3228
2 3286 4 3246
2 3115 3246 4
2 3115 3244 3246
2 3244 2070 3246
2 3244 3221 2070
2 3240 3221 3244
2 3286 6 4
2 3244 2070 3246
2 3244 3221 2070
2 2990 3228 2240
2 2990 2240 3226
2 2990 3226 2716
2 2638 2990 2716
2 2638 2716 2760
2 2760 3494 2638
2 2638 3494 3493
2 2960 2638 3493
2 2960 3493 3499
2 3509 3499 3493
2 3509 3493 3508
2 2860 3509 3508
2 2715 2860 3508
2 3508 3314 2715
2 3314 2380 2715
2 2715 2380 3563
2 2715 3563 2860
2 3563 2670 2860
2 2860 2670 2869
2 2860 2869 3509
2 3509 2869 3503
2 3503 3499 3509
2 2310 3503 2869
2 2302 2310 2869
2 2670 2302 2869
2 2302 2670 3190
2 2302 3190 3188
2 35 2302 3188
2 3188 42 35
2 2779 35 42
2 2779 42 49
2 49 57 2779
2 57 64 2779
2 64 72 2779
2 72 81 2779
2 2779 81 89
2 2783 2779 89
2 89 79 2783
2 2783 79 62
2 2788 2783 62
2 2788 62 55
2 2788 55 47
2 2788 47 39
2 2788 39 33
2 33 39 3269
2 33 3269 1159
2 3290 33 1159
2 3290 1159 1496
2 1496 1495 3290
2 1372 3290 1495
2 1372 26 3290
2 26 33 3290
2 1372 22 26
2 1496 1377 1495
2 1377 1004 1495
2 1004 1377 1486
2 1486 2320 1004
2 1004 2320 2725
2 2320 678 2725
2 3116 2725 678
2 3116 678 978
2 3241 3116 978
2 3241 978 3245
2 3245 3237 3241
2 3237 3245 3227
2 3237 3227 3226
2 2978 3226 3227
2 3111 2978 3227
2 3224 3111 3227
2 3224 3227 3245
2 978 3224 3245
2 978 914 3224
2 3225 3224 914
2 3225 914 3285
2 2965 3225 3285
2 3223 2965 3285
2 3223 3285 3236
2 3223 3236 890
2 3239 3223 890
2 890 627 3239
2 627 3238 3239
2 3238 591 3239
2 3239 591 2961
2 3223 3239 2961
2 3223 2961 2964
2 3223 2964 2965
2 2965 2964 2996
2 2965 2996 2989
2 2989 3111 2965
2 2965 3111 3225
2 3224 3225 3111
2 3492 3111 2989
2 2989 3496 3492
2 3505 3492 3496
2 3496 3497 3505
2 2853 3505 3497
2 2853 3497 3318
2 2537 2853 3318
2 3320 2537 3318
2 3320 3318 3506
2 3506 3514 3320
2 31 3320 3514
2 2580 31 3514
2 2580 3514 3515
2 3515 3472 2580
2 44 2580 3472
2 3472 3052 44
2 50 44 3052
2 3052 3521 50
2 59 50 3521
2 3521 3411 59
2 65 59 3411
2 65 3411 3524
2 70 65 3524
2 3118 70 3524
2 3118 3524 3529
2 3539 3118 3529
2 3529 3537 3539
2 3537 1419 3539
2 3551 3539 1419
2 1419 3476 3551
2 3551 3476 2720
2 88 3551 2720
2 88 2720 76
2 88 76 2030
2 88 2030 2036
2 88 2036 2935
2 88 2935 78
2 88 78 3551
2 3118 3551 78
2 78 70 3118
2 70 78 3274
2 70 3274 3281
2 70 3281 3264
2 70 3264 65
2 65 3264 1879
2 59 65 1879
2 1879 1589 59
2 50 59 1589
2 50 1589 44
2 3183 44 1589
2 3183 1589 1594
2 3159 3183 1594
2 1594 1842 3159
2 3159 1842 3158
2 3159 3158 3184
2 3184 3183 3159
2 3185 3183 3184
2 3184 3462 3185
2 3462 3023 3185
2 3463 3185 3023
2 54 3463 3023
2 61 54 3023
2 3023 2511 61
2 3556 61 2511
2 3556 2511 3218
2 85 3556 3218
2 2610 85 3218
2 3195 2610 3218
2 3195 3218 3407
2 3407 1990 3195
2 1990 3305 3195
2 3195 3305 3356
2 2292 3195 3356
2 3564 2292 3356
2 3356 3357 3564
2 3357 1564 3564
2 1564 3041 3564
2 3041 3070 3564
2 3540 3564 3070
2 67 3540 3070
2 67 3070 2162
2 2162 53 67
2 1360 67 53
2 1360 53 3178
2 3179 1360 3178
2 3178 1180 3179
2 1177 3179 1180
2 1177 1180 3292
2 1177 3292 1503
2 1177 1503 1184
2 1177 1184 3268
2 1177 3268 3179
2 3179 3268 3483
2 1360 3179 3483
2 1360 3483 3367
2 1360 3367 3471
2 3471 67 1360
2 75 67 3471
2 75 3471 2457
2 87 75 2457
2 87 2457 2407
2 2407 3042 87
2 3042 85 87
2 87 85 2610
2 87 2610 2292
2 3540 87 2292
2 3564 3540 2292
2 3540 75 87
2 3540 67 75
2 2292 2610 3195
2 85 3042 3556
2 3556 3042 3435
2 61 3556 3435
2 61 3435 3301
2 54 61 3301
2 2844 54 3301
2 3301 3408 2844
2 2846 2844 3408
2 2846 3408 3479
2 2846 3479 3321
2 3103 2846 3321
2 3322 3103 3321
2 3314 3322 3321
2 3321 2380 3314
2 2380 3321 3479
2 3189 2380 3479
2 3189 3479 2845
2 2845 3358 3189
2 2764 3189 3358
2 3190 2764 3358
2 3190 3358 2713
2 3190 2713 3188
2 3188 2713 3359
2 3359 42 3188
2 42 3359 49
2 3359 57 49
2 3434 57 3359
2 3359 3477 3434
2 3477 3436 3434
2 3434 3436 64
2 64 57 3434
2 3436 72 64
2 81 72 3436
2 3436 2110 81
2 2110 2626 81
2 89 81 2626
2 2626 3263 89
2 89 3263 79
2 79 3263 3469
2 62 79 3469
2 3469 1634 62
2 55 62 1634
2 1634 47 55
2 3484 47 1634
2 1634 1645 3484
2 1645 3177 3484
2 3177 3270 3484
2 3269 3484 3270
2 3269 3270 1184
2 3269 1184 1159
2 1496 1159 1184
2 1503 1496 1184
2 1496 1503 1377
2 1377 1503 1486
2 1486 1503 1487
2 1486 1487 678
2 1486 678 2320
2 666 678 1487
2 1485 666 1487
2 1485 1487 3308
2 3291 1485 3308
2 3292 3291 3308
2 3308 1503 3292
2 1503 3308 1487
2 3291 3292 1180
2 1180 3312 3291
2 3312 3306 3291
2 3306 1418 3291
2 1418 1485 3291
2 666 1485 1418
2 1418 648 666
2 978 666 648
2 648 914 978
2 914 648 3276
2 3276 3285 914
2 3236 3285 3276
2 3236 3276 993
2 993 890 3236
2 993 627 890
2 627 993 1106
2 1054 627 1106
2 1054 1106 1462
2 1060 1054 1462
2 1383 1060 1462
2 1462 1403 1383
2 3288 1383 1403
2 458 3288 1403
2 3306 458 1403
2 3306 1403 1499
2 3306 1499 1418
2 1108 1418 1499
2 1106 1108 1499
2 1106 1499 1462
2 1499 1403 1462
2 993 1108 1106
2 1108 993 3276
2 648 1108 3276
2 648 1418 1108
2 648 1418 1108
2 1499 1403 1462
2 3312 458 3306
2 3283 458 3312
2 3178 3283 3312
2 3178 3312 1180
2 3178 40 3283
2 37 3283 40
2 3121 37 40
2 1535 3121 40
2 1535 40 53
2 2162 1535 53
2 1565 1535 2162
2 1565 2162 1543
2 1565 1543 1278
2 1565 1278 1192
2 1565 1192 2663
2 1565 2663 3122
2 1535 1565 3122
2 3482 1535 3122
2 3482 3122 1198
2 1198 3156 3482
2 3156 1190 3482
2 3121 3482 1190
2 1190 37 3121
2 45 37 1190
2 45 1190 52
2 2003 45 52
2 2003 52 3364
2 3354 2003 3364
2 3354 3364 3194
2 3194 3193 3354
2 3354 3193 3259
2 3354 3259 2003
2 2003 3259 3287
2 2003 3287 45
2 3323 45 3287
2 3323 3287 3298
2 3323 3298 37
2 3323 37 45
2 3298 3288 37
2 3288 3283 37
2 458 3283 3288
2 3288 3298 1383
2 1383 3298 1388
2 1388 1060 1383
2 1060 1388 1511
2 966 1060 1511
2 1511 668 966
2 3277 966 668
2 984 3277 668
2 984 668 1104
2 1104 941 984
2 984 941 931
2 984 931 3242
2 3242 3277 984
2 3242 3243 3277
2 854 3277 3243
2 3284 854 3243
2 3243 3229 3284
2 3284 3229 2967
2 577 3284 2967
2 2967 2963 577
2 2963 2994 577
2 2994 2962 577
2 577 2962 3220
2 3284 577 3220
2 854 3284 3220
2 3220 563 854
2 854 563 3238
2 3238 627 854
2 966 854 627
2 1054 966 627
2 1060 966 1054
2 854 966 3277
2 3238 563 591
2 2962 591 563
2 3220 2962 563
2 591 2962 2995
2 2961 591 2995
2 3489 2961 2995
2 3489 2995 3495
2 3489 3495 3497
2 3497 2996 3489
2 2961 3489 2996
2 2964 2961 2996
2 2996 3497 3496
2 2996 3496 2989
2 3497 3495 3318
2 3506 3318 3495
2 3506 3495 3507
2 3514 3506 3507
2 3515 3514 3507
2 3515 3507 3066
2 3315 3515 3066
2 3315 3066 3501
2 3315 3501 3513
2 3315 3513 2591
2 3315 2591 2585
2 2585 3472 3315
2 3472 3515 3315
2 3052 3472 2585
2 3052 2585 3053
2 3053 3521 3052
2 3256 3521 3053
2 3256 3053 3055
2 3055 2424 3256
2 3256 2424 3412
2 3523 3256 3412
2 3523 3412 3529
2 3524 3523 3529
2 3523 3524 3522
2 3522 3256 3523
2 3256 3522 3521
2 3411 3521 3522
2 3522 3524 3411
2 3522 3524 3411
2 3526 3529 3412
2 3526 3412 3413
2 2688 3526 3413
2 3525 2688 3413
2 3519 3525 3413
2 3413 2424 3519
2 3474 3519 2424
2 2424 3056 3474
2 3316 3474 3056
2 3056 3513 3316
2 3316 3513 3468
2 3468 3510 3316
2 3561 3316 3510
2 3510 3512 3561
2 3512 3473 3561
2 3474 3561 3473
2 3473 3519 3474
2 3518 3519 3473
2 2436 3518 3473
2 2436 3473 3475
2 2436 3475 3255
2 2699 2436 3255
2 3517 2699 3255
2 3257 3517 3255
2 3257 3255 3560
2 2827 3257 3560
2 2879 2827 3560
2 2837 2879 3560
2 3560 2686 2837
2 2837 2686 3068
2 2841 2837 3068
2 2729 2841 3068
2 2972 2729 3068
2 2972 3068 2778
2 2972 2778 3500
2 2972 3500 2701
2 2971 2972 2701
2 2701 2524 2971
2 2971 2524 3232
2 3233 2971 3232
2 3233 3232 3253
2 3253 3234 3233
2 3233 3234 2971
2 2971 3234 2553
2 2972 2971 2553
2 2553 2729 2972
2 2553 2975 2729
2 2729 2975 2841
2 2975 3062 2841
2 2879 2841 3062
2 2879 3062 3511
2 3511 2631 2879
2 2879 2631 2827
2 2631 3257 2827
2 2631 3054 3257
2 3257 3054 3520
2 3257 3520 3516
2 3257 3516 3517
2 3528 3517 3516
2 3516 3410 3528
2 829 3528 3410
2 2606 829 3410
2 3415 2606 3410
2 3520 3415 3410
2 3516 3520 3410
2 3520 2790 3415
2 2790 2671 3415
2 3415 2671 2517
2 2517 3162 3415
2 3162 2832 3415
2 3415 2832 2606
2 2832 2612 2606
2 2612 829 2606
2 969 829 2612
2 2612 2832 969
2 2832 2575 969
2 3036 969 2575
2 3036 2575 3549
2 2706 3036 3549
2 91 2706 3549
2 91 3549 83
2 91 83 2774
2 91 2774 2814
2 2814 80 91
2 2706 91 80
2 3272 2706 80
2 80 3164 3272
2 2799 3272 3164
2 3164 2609 2799
2 2609 2602 2799
2 2799 2602 3542
2 3303 2799 3542
2 3303 3542 2717
2 2717 3037 3303
2 3303 3037 3036
2 3303 3036 3272
2 2799 3303 3272
2 3272 3036 2706
2 3036 3037 969
2 969 3037 2490
2 2742 969 2490
2 2422 2742 2490
2 2422 2490 3040
2 3548 2422 3040
2 3548 3040 2792
2 3548 2792 3039
2 3548 3039 3175
2 3548 3175 2737
2 825 3548 2737
2 3414 825 2737
2 3414 2737 3527
2 3527 2733 3414
2 2436 3414 2733
2 2436 2733 3518
2 3527 3518 2733
2 3527 3525 3518
2 3519 3518 3525
2 820 3525 3527
2 3527 2737 820
2 2737 3175 820
2 820 3175 3176
2 3176 3538 820
2 3525 820 3538
2 3538 2688 3525
2 3538 2703 2688
2 2703 3526 2688
2 3526 2703 3537
2 3537 3529 3526
2 3537 2703 3550
2 3537 3550 2681
2 3537 2681 1419
2 2681 2582 1419
2 2582 3476 1419
2 3476 2582 3544
2 3166 3476 3544
2 3544 3532 3166
2 3166 3532 3365
2 3365 3193 3166
2 3193 3530 3166
2 3166 3530 2720
2 3166 2720 3476
2 2720 3530 76
2 3530 68 76
2 76 68 2335
2 76 2335 2030
2 2030 2335 3113
2 2036 2030 3113
2 2036 3113 2935
2 3113 1050 2935
2 2722 2935 1050
2 2934 2722 1050
2 2934 1050 2463
2 2456 2934 2463
2 2938 2456 2463
2 2938 2463 2203
2 2938 2203 3114
2 2937 2938 3114
2 2223 2937 3114
2 3547 2223 3114
2 2839 3547 3114
2 3114 2203 2839
2 2203 3546 2839
2 2833 2839 3546
2 2833 3546 3368
2 2833 3368 2379
2 2379 1699 2833
2 1699 1677 2833
2 2833 1677 2839
2 2839 1677 3555
2 2839 3555 3547
2 2277 3547 3555
2 2377 2277 3555
2 2397 2377 3555
2 1677 2397 3555
2 2397 1677 1688
2 2377 2397 1688
2 2377 1688 2526
2 2377 2526 2256
2 2363 2377 2256
2 2789 2363 2256
2 2789 2256 2801
2 2789 2801 97
2 99 2789 97
2 99 97 2739
2 101 99 2739
2 103 101 2739
2 105 103 2739
2 105 2739 2745
2 105 2745 108
2 105 108 2523
2 2523 2709 105
2 105 2709 103
2 101 103 2709
2 101 2709 2668
2 99 101 2668
2 99 2668 2789
2 2789 2668 2363
2 2668 2835 2363
2 2363 2835 2377
2 2277 2377 2835
2 2835 2339 2277
2 2339 3547 2277
2 2339 2728 3547
2 2223 3547 2728
2 2728 2937 2223
2 2785 2937 2728
2 2936 2785 2728
2 3105 2936 2728
2 2339 3105 2728
2 2835 3105 2339
2 3105 2835 2523
2 2229 3105 2523
2 2229 2523 108
2 2229 108 110
2 2732 2229 110
2 110 112 2732
2 3280 2732 112
2 114 3280 112
2 114 112 2745
2 2745 116 114
2 116 3280 114
2 2730 3280 116
2 116 118 2730
2 2331 2730 118
2 120 2331 118
2 2819 120 118
2 118 116 2819
2 2819 116 106
2 2816 2819 106
2 2802 2816 106
2 2748 2802 106
2 2739 2748 106
2 2745 2739 106
2 106 116 2745
2 2739 97 2748
2 95 2748 97
2 97 2801 95
2 2801 2772 95
2 95 2772 92
2 95 92 2748
2 92 94 2748
2 94 96 2748
2 96 98 2748
2 2748 98 2802
2 2802 98 100
2 2802 100 102
2 102 104 2802
2 2802 104 2816
2 104 107 2816
2 109 2816 107
2 2646 109 107
2 2646 107 3120
2 3478 2646 3120
2 2355 3478 3120
2 3059 2355 3120
2 3058 3059 3120
2 3120 102 3058
2 100 3058 102
2 3058 100 2336
2 3058 2336 3536
2 3536 3059 3058
2 3059 3536 3072
2 3059 3072 3565
2 3060 3059 3565
2 3565 3071 3060
2 3060 3071 1564
2 3357 3060 1564
2 3357 3566 3060
2 3566 3119 3060
2 3060 3119 3059
2 3119 2355 3059
2 2355 3119 3355
2 3355 1145 2355
2 1145 3478 2355
2 2509 3478 1145
2 1145 3219 2509
2 3219 3171 2509
2 3171 3031 2509
2 2509 3031 3170
2 2177 2509 3170
2 2497 2177 3170
2 3170 2768 2497
2 2768 115 2497
2 113 2497 115
2 2819 113 115
2 117 2819 115
2 2768 117 115
2 3439 117 2768
2 3439 2768 3170
2 3439 3170 3438
2 3439 3438 3441
2 119 3439 3441
2 121 119 3441
2 2375 121 3441
2 3161 2375 3441
2 3441 3172 3161
2 3161 3172 2328
2 3161 2328 1850
2 3161 1850 2171
2 3161 2171 2331
2 3161 2331 2375
2 2375 2331 121
2 2331 120 121
2 2819 121 120
2 2819 119 121
2 2819 117 119
2 3439 119 117
2 2331 2171 2730
2 3266 2730 2171
2 3266 2171 2489
2 2489 2316 3266
2 2316 3280 3266
2 3266 3280 2730
2 2316 3180 3280
2 3280 3180 2732
2 3180 2229 2732
2 3180 2936 2229
2 2936 3105 2229
2 2936 3180 2349
2 2936 2349 2785
2 2785 2349 3181
2 2937 2785 3181
2 2937 3181 2438
2 2937 2438 2938
2 2938 2438 3409
2 3409 2456 2938
2 3409 2677 2456
2 2677 3275 2456
2 3275 2934 2456
2 2722 2934 3275
2 2935 2722 3275
2 2935 3275 3274
2 78 2935 3274
2 1898 3274 3275
2 1898 3275 3267
2 1898 3267 2750
2 2750 1842 1898
2 3281 1898 1842
2 3281 1842 1879
2 3281 1879 3264
2 1842 1594 1879
2 1589 1879 1594
2 3281 3274 1898
2 1842 2750 3158
2 3158 2750 1854
2 3158 1854 3186
2 3184 3158 3186
2 3462 3184 3186
2 3462 3186 3460
2 3029 3462 3460
2 3460 3168 3029
2 3407 3029 3168
2 3168 1990 3407
2 3033 1990 3168
2 3026 3033 3168
2 2634 3026 3168
2 3460 2634 3168
2 2325 2634 3460
2 3186 2325 3460
2 3186 1854 2325
2 2325 1854 2599
2 2599 3026 2325
2 2325 3026 2634
2 3187 3026 2599
2 3187 2599 2666
2 3187 2666 1840
2 3187 1840 3173
2 3187 3173 3461
2 2808 3187 3461
2 3461 3033 2808
2 2808 3033 3026
2 3026 3187 2808
2 2410 3033 3461
2 3169 2410 3461
2 3461 3440 3169
2 2362 3169 3440
2 3160 2362 3440
2 3160 3440 3182
2 3160 3182 1598
2 3160 1598 1850
2 2328 3160 1850
2 2328 2362 3160
2 2328 3172 2362
2 3438 2362 3172
2 3438 3172 3441
2 2362 3438 3031
2 2362 3031 3169
2 3031 3171 3169
2 3169 3171 3167
2 3167 2410 3169
2 3167 3033 2410
2 3033 3167 2482
2 3033 2482 1990
2 1990 2482 3305
2 3305 2482 3219
2 3219 1146 3305
2 3485 3305 1146
2 1146 3355 3485
2 3355 3119 3485
2 3566 3485 3119
2 3485 3566 3357
2 3357 3356 3485
2 3305 3485 3356
2 1145 3355 1146
2 3219 1145 1146
2 3305 3485 3356
2 3219 1145 1146
2 3219 2482 3167
2 3219 3167 3171
2 3219 2482 3167
2 3219 3167 3171
2 3031 3438 3170
2 1598 1916 1850
2 1916 2171 1850
2 2489 2171 1916
2 2489 1916 3282
2 3282 2316 2489
2 3282 2349 2316
2 2349 3180 2316
2 3282 3181 2349
2 2763 3181 3282
2 1916 2763 3282
2 1916 1922 2763
2 3265 2763 1922
2 3265 1922 2811
2 3265 2811 2712
2 3265 2712 3409
2 3265 3409 2438
2 3265 2438 2763
2 2763 2438 3181
2 3409 2712 2838
2 3409 2838 2677
2 2838 3267 2677
2 2677 3267 3275
2 2755 3267 2838
2 2755 2838 1834
2 1834 2666 2755
2 2755 2666 1854
2 2750 2755 1854
2 2750 3267 2755
2 2666 2599 1854
2 1840 2666 1834
2 1834 2811 1840
2 3182 1840 2811
2 3182 2811 1922
2 1922 1598 3182
2 1598 1922 1916
2 1840 3182 3173
2 3182 3440 3173
2 3440 3461 3173
2 2811 1834 2712
2 2712 1834 2838
2 2712 1834 2838
2 2750 3267 2755
2 2712 1834 2838
2 2811 1834 2712
2 3182 2811 1922
2 3265 2438 2763
2 1598 1922 1916
2 2763 2438 3181
2 1916 2763 3282
2 1598 1922 1916
2 1922 1598 3182
2 3182 3440 3173
2 2328 2362 3160
2 2362 3031 3169
2 3440 3461 3173
2 3167 2410 3169
2 3167 3033 2410
2 3026 3187 2808
2 3440 3461 3173
2 1840 3182 3173
2 1840 2666 1834
2 2666 2599 1854
2 3026 3187 2808
2 2666 2599 1854
2 2325 3026 2634
2 2325 3026 2634
2 2808 3033 3026
2 3033 2482 1990
2 3029 3407 3218
2 2511 3029 3218
2 3029 2511 3023
2 3029 3023 3462
2 3460 2634 3168
2 3029 3023 3462
2 3186 2325 3460
2 3186 1854 2325
2 2750 2755 1854
2 2750 3267 2755
2 2677 3267 3275
2 3281 3274 1898
2 2677 3267 3275
2 3409 2838 2677
2 3265 3409 2438
2 2763 2438 3181
2 3282 3181 2349
2 2349 3180 2316
2 2349 3180 2316
2 3282 2316 2489
2 2489 2171 1916
2 3266 3280 2730
2 1916 2171 1850
2 2328 3160 1850
2 2328 3172 2362
2 3438 3172 3441
2 3161 2331 2375
2 2375 2331 121
2 2819 119 121
2 3439 119 117
2 3438 3172 3441
2 3031 3438 3170
2 3439 119 117
2 2819 117 119
2 113 2819 111
2 2497 113 111
2 2497 111 109
2 2497 109 2646
2 2497 2646 3478
2 2497 3478 2177
2 2177 3478 2509
2 109 111 2816
2 2816 111 2819
2 2816 111 2819
2 2497 113 111
2 2768 117 115
2 3439 2768 3170
2 2497 3478 2177
2 2177 3478 2509
2 3031 3438 3170
2 3031 3171 3169
2 3219 3167 3171
2 3219 1145 1146
2 2177 3478 2509
2 1145 3355 1146
2 3355 3119 3485
2 3566 3485 3119
2 3485 3566 3357
2 3041 1564 3071
2 3041 3071 1256
2 1278 3041 1256
2 1278 1256 3481
2 1278 3481 1192
2 3464 1192 3481
2 3481 3123 3464
2 3466 3464 3123
2 3123 2483 3466
2 2483 1215 3466
2 3466 1215 186
2 186 1688 3466
2 1688 1692 3466
2 3464 3466 1692
2 3464 1692 3157
2 3464 3157 1192
2 3157 2605 1192
2 2605 2574 1192
2 2574 2663 1192
2 2574 3122 2663
2 1198 3122 2574
2 2605 1198 2574
2 3273 1198 2605
2 3273 2605 2366
2 1651 3273 2366
2 2335 1651 2366
2 2335 2366 2843
2 3113 2335 2843
2 3113 2843 2502
2 1050 3113 2502
2 1050 2502 2463
2 2463 2502 3546
2 2203 2463 3546
2 3546 2502 3368
2 2502 2843 3368
2 2843 2366 3368
2 3368 2366 2379
2 3157 2379 2366
2 2605 3157 2366
2 3157 1699 2379
2 3157 1692 1699
2 1699 1692 1677
2 1677 1692 1688
2 2502 2843 3368
2 2843 2366 3368
2 1651 2335 2364
2 2364 3273 1651
2 3156 3273 2364
2 60 3156 2364
2 2364 68 60
2 68 3364 60
2 60 3364 52
2 52 3156 60
2 3156 52 1190
2 3364 68 3194
2 3530 3194 68
2 3530 3193 3194
2 2335 68 2364
2 52 3156 60
2 3156 1198 3273
2 2335 68 2364
2 2364 3273 1651
2 2605 3157 2366
2 3156 1198 3273
2 2605 1198 2574
2 2605 3157 2366
2 3157 1692 1699
2 1677 1692 1688
2 2526 1688 186
2 2256 2526 186
2 2256 186 2581
2 2256 2581 2801
2 2581 2772 2801
2 2581 2275 2772
2 2772 2275 2738
2 2772 2738 92
2 2743 92 2738
2 2743 2738 3361
2 3050 2743 3361
2 1215 3050 3361
2 2275 1215 3361
2 2738 2275 3361
2 186 1215 2275
2 186 2275 2581
2 1215 3362 3050
2 3050 3362 2295
2 2106 3050 2295
2 3536 2106 2295
2 3536 2295 3072
2 2295 3565 3072
2 2295 2298 3565
2 3071 3565 2298
2 1560 3071 2298
2 2298 3360 1560
2 1560 3360 3123
2 3123 1256 1560
2 1560 1256 3071
2 3481 1256 3123
2 2483 3123 3360
2 1215 2483 3360
2 1215 3360 3362
2 3362 3360 2298
2 2295 3362 2298
2 3362 3360 2298
2 1560 1256 3071
2 2295 3362 2298
2 2336 2106 3536
2 100 2106 2336
2 100 98 2106
2 98 96 2106
2 96 94 2106
2 2743 2106 94
2 2743 94 92
2 3050 2106 2743
2 3050 2106 2743
2 2295 3362 2298
2 1215 3360 3362
2 3050 2106 2743
2 2738 2275 3361
2 2743 94 92
2 2738 2275 3361
2 186 2275 2581
2 186 2275 2581
2 186 1215 2275
2 1215 2483 3360
2 2483 3123 3360
2 3464 3466 1692
2 3481 1256 3123
2 3464 3157 1192
2 3481 1256 3123
2 3041 1278 1543
2 3070 3041 1543
2 3070 1543 2162
2 1560 1256 3071
2 3071 3565 2298
2 3060 3119 3059
2 2295 3565 3072
2 3536 2295 3072
2 2336 2106 3536
2 100 2106 2336
2 3120 104 102
2 3120 107 104
2 3536 3059 3058
2 3119 2355 3059
2 1145 3478 2355
2 2497 2646 3478
2 3120 107 104
2 2497 109 2646
2 109 111 2816
2 3120 107 104
2 3120 104 102
2 100 3058 102
2 100 98 2106
2 98 96 2106
2 96 94 2106
2 2743 94 92
2 2772 2738 92
2 2581 2772 2801
2 95 92 2748
2 2748 98 2802
2 2802 104 2816
2 2816 111 2819
2 106 116 2745
2 2819 121 120
2 2331 120 121
2 2331 2171 2730
2 118 116 2819
2 3266 3280 2730
2 106 116 2745
2 112 110 2745
2 2745 110 108
2 116 3280 114
2 3280 3180 2732
2 112 110 2745
2 3180 2229 2732
2 2745 110 108
2 2936 3105 2229
2 2523 2835 2709
2 2668 2709 2835
2 2936 3105 2229
2 2936 2349 2785
2 2937 2785 3181
2 2339 3105 2728
2 2835 3105 2339
2 2668 2709 2835
2 2668 2709 2835
2 2523 2835 2709
2 2229 2523 108
2 2745 110 108
2 2745 2739 106
2 105 2709 103
2 101 103 2709
2 99 101 2668
2 2739 97 2748
2 99 2668 2789
2 97 2801 95
2 2256 2581 2801
2 2789 2668 2363
2 2363 2835 2377
2 2256 2526 186
2 2526 1688 186
2 1677 1692 1688
2 2377 2397 1688
2 2277 2377 2835
2 2339 3547 2277
2 1677 2397 3555
2 1699 1692 1677
2 3157 1699 2379
2 3368 2366 2379
2 3546 2502 3368
2 2833 1677 2839
2 2203 2463 3546
2 2839 3555 3547
2 2223 3547 2728
2 2728 2937 2223
2 2937 2438 2938
2 3114 2203 2839
2 2203 2463 3546
2 3409 2456 2938
2 3275 2934 2456
2 1050 2502 2463
2 2722 2934 3275
2 2935 2722 3275
2 1050 3113 2502
2 3113 2335 2843
2 2335 68 2364
2 3530 3194 68
2 3530 3193 3194
2 3193 3365 2049
2 3259 3193 2049
2 3097 3259 2049
2 3097 2049 3101
2 3289 3097 3101
2 3310 3289 3101
2 3101 2054 3310
2 2054 1967 3310
2 1967 3309 3310
2 3309 1398 3310
2 3310 1398 1397
2 3310 1397 3289
2 3289 1397 3313
2 3300 3289 3313
2 3300 3313 1020
2 1020 3287 3300
2 3097 3300 3287
2 3097 3287 3259
2 3289 3300 3097
2 1020 1388 3287
2 3298 3287 1388
2 1020 1511 1388
2 1020 668 1511
2 668 1020 3313
2 668 3313 1104
2 1397 1104 3313
2 1398 1104 1397
2 1104 1398 1092
2 941 1104 1092
2 1092 2527 941
2 2527 2519 941
2 3250 941 2519
2 3250 2519 3251
2 3231 3250 3251
2 2660 3231 3251
2 3251 3252 2660
2 2660 3252 3232
2 2660 3232 2970
2 3231 2660 2970
2 2970 2969 3231
2 3230 3231 2969
2 2969 3229 3230
2 3250 3230 3229
2 3229 3249 3250
2 3249 931 3250
2 931 941 3250
2 3243 931 3249
2 3249 3229 3243
2 3243 3242 931
2 3249 3229 3243
2 3250 3231 3230
2 3229 2969 2967
2 2967 2969 3488
2 2963 2967 3488
2 2963 3488 3501
2 3501 3066 2963
2 3066 2994 2963
2 3507 2994 3066
2 2994 3507 3495
2 2995 2994 3495
2 2962 2994 2995
2 3488 3504 3501
2 3504 3513 3501
2 3504 3468 3513
2 3502 3468 3504
2 3504 2793 3502
2 2793 3491 3502
2 3491 3498 3502
2 3510 3502 3498
2 3510 3498 3500
2 2874 3510 3500
2 3500 2778 2874
2 2778 2686 2874
2 2874 2686 2769
2 2874 2769 3512
2 2874 3512 3510
2 3475 3512 2769
2 3255 3475 2769
2 3255 2769 3560
2 3560 2769 2686
2 3475 3473 3512
2 3560 2769 2686
2 2686 2778 3068
2 2874 3512 3510
2 3500 3498 3486
2 2701 3500 3486
2 3486 2524 2701
2 3486 2970 2524
2 3232 2524 2970
2 3486 2566 2970
2 2566 3487 2970
2 3487 2969 2970
2 2969 3487 2793
2 2969 2793 3488
2 3504 3488 2793
2 3487 3491 2793
2 3491 3487 2566
2 3491 2566 3498
2 2566 3486 3498
2 3491 3487 2566
2 2566 3486 3498
2 2566 3486 3498
2 3502 3510 3468
2 3491 2566 3498
2 3487 3491 2793
2 3504 3488 2793
2 3502 3510 3468
2 3504 3488 2793
2 2969 2793 3488
2 3250 3231 3230
2 3487 2969 2970
2 3232 2524 2970
2 3232 3252 3253
2 950 3253 3252
2 3252 2408 950
2 1096 950 2408
2 1096 2408 943
2 1096 943 2527
2 2378 1096 2527
2 1398 2378 2527
2 1398 2527 1092
2 1398 3309 2378
2 1400 2378 3309
2 3309 3295 1400
2 3324 1400 3295
2 3324 3295 3098
2 3098 3261 3324
2 3261 3299 3324
2 1447 3324 3299
2 1447 3299 2449
2 1447 2449 1099
2 1447 1099 1098
2 1447 1098 1400
2 1447 1400 3324
2 1400 1098 1096
2 1096 2378 1400
2 1098 950 1096
2 1098 2611 950
2 2611 3253 950
2 2611 3254 3253
2 3253 3254 3234
2 3254 3235 3234
2 3235 2974 3234
2 2974 2553 3234
2 2975 2553 2974
2 2974 2993 2975
2 2975 2993 2770
2 2975 2770 3061
2 3061 3062 2975
2 3511 3062 3061
2 3061 2881 3511
2 3511 2881 2631
2 3317 2631 2881
2 2881 2759 3317
2 2740 3317 2759
2 2740 2759 3562
2 3051 2740 3562
2 3051 3562 2771
2 3051 2771 36
2 36 43 3051
2 2694 3051 43
2 43 51 2694
2 2690 2694 51
2 58 2690 51
2 58 51 2774
2 58 2774 66
2 58 66 2517
2 2690 58 2517
2 2671 2690 2517
2 2690 2671 2694
2 2671 3051 2694
2 2671 2740 3051
2 2671 2790 2740
2 2790 3520 2740
2 3520 3054 2740
2 3317 2740 3054
2 2631 3317 3054
2 66 2765 2517
2 2765 3162 2517
2 3549 3162 2765
2 3549 2765 74
2 3549 74 83
2 83 74 2774
2 74 66 2774
2 2765 66 74
2 2765 66 74
2 3162 3549 2575
2 3162 2575 2832
2 2765 66 74
2 74 66 2774
2 51 43 2774
2 2774 43 36
2 2714 2774 36
2 25 2714 36
2 2771 25 36
2 2771 3064 25
2 25 3064 21
2 25 21 2714
2 2714 21 17
2 17 14 2714
2 7 2714 14
2 2805 7 14
2 17 2805 14
2 2805 17 3490
2 2991 2805 3490
2 3063 2991 3490
2 3490 3065 3063
2 2881 3063 3065
2 3319 2881 3065
2 3319 3065 3064
2 3319 3064 2771
2 2771 3562 3319
2 2759 3319 3562
2 3319 2759 2881
2 3490 3064 3065
2 3490 21 3064
2 3490 17 21
2 3319 2759 2881
2 2770 3063 2881
2 2770 2881 3061
2 2770 2993 3063
2 3063 2993 2991
2 3222 2991 2993
2 2718 3222 2993
2 2561 2718 2993
2 2993 2974 2561
2 2974 3235 2561
2 3235 3248 2561
2 2561 3248 2613
2 2561 2613 2718
2 2718 2613 3222
2 3222 2613 3247
2 3247 2813 3222
2 2813 2830 3222
2 3222 2830 2805
2 3222 2805 2991
2 2830 7 2805
2 2813 7 2830
2 5 7 2813
2 2826 5 2813
2 3247 2826 2813
2 2749 2826 3247
2 956 2749 3247
2 2613 956 3247
2 956 2613 2823
2 2549 956 2823
2 2549 2823 1103
2 1456 2549 1103
2 1456 1103 1430
2 3293 1456 1430
2 3293 1430 3294
2 3294 3325 3293
2 3297 3293 3325
2 3297 3325 3100
2 2664 3297 3100
2 3100 2344 2664
2 2664 2344 41
2 34 2664 41
2 34 41 2825
2 34 2825 2812
2 34 2812 27
2 34 27 3297
2 34 3297 2664
2 3297 27 3296
2 3293 3297 3296
2 1453 3293 3296
2 1453 3296 23
2 1453 23 19
2 19 1047 1453
2 1047 1456 1453
2 1453 1456 3293
2 1456 1047 2549
2 1047 956 2549
2 2749 956 1047
2 12 2749 1047
2 1047 19 12
2 19 2777 12
2 12 2777 9
2 12 9 2749
2 2749 9 5
2 2749 5 2826
2 2777 5 9
2 5 2777 7
2 7 2777 2714
2 2777 30 2714
2 2714 30 2774
2 2814 2774 30
2 2814 30 2825
2 56 2814 2825
2 2825 48 56
2 56 48 2629
2 56 2629 63
2 56 63 2814
2 71 2814 63
2 63 3164 71
2 80 71 3164
2 71 80 2814
2 2629 3164 63
2 3164 2629 3352
2 2609 3164 3352
2 2602 2609 3352
2 3352 3366 2602
2 2602 3366 3279
2 2602 3279 3542
2 3163 3542 3279
2 2285 3163 3279
2 3279 2780 2285
2 2597 2285 2780
2 2597 2780 3262
2 3262 2253 2597
2 2597 2253 3353
2 3353 3192 2597
2 2285 2597 3192
2 2285 3192 3165
2 3165 3163 2285
2 3304 3163 3165
2 3165 2815 3304
2 2815 3040 3304
2 2490 3304 3040
2 3037 3304 2490
2 3304 3037 2717
2 3163 3304 2717
2 2717 3542 3163
2 3543 3040 2815
2 3165 3543 2815
2 3535 3543 3165
2 3165 3192 3535
2 3192 2727 3535
2 2727 3278 3535
2 2687 3535 3278
2 3533 2687 3278
2 3533 3278 2572
2 3533 2572 1211
2 2787 3533 1211
2 1211 3531 2787
2 3534 2787 3531
2 3534 3531 3541
2 3552 3534 3541
2 3541 3544 3552
2 2582 3552 3544
2 2582 3550 3552
2 2568 3552 3550
2 3550 2636 2568
2 2636 3176 2568
2 2568 3176 3038
2 2568 3038 3534
2 3534 3552 2568
2 3038 2586 3534
2 2586 3533 3534
2 3534 3533 2787
2 3545 3533 2586
2 3038 3545 2586
2 3039 3545 3038
2 3038 3175 3039
2 3038 3176 3175
2 3039 3302 3545
2 3302 3535 3545
2 3535 2687 3545
2 2687 3533 3545
2 3535 3302 3543
2 2792 3543 3302
2 3302 3039 2792
2 3543 2792 3040
2 3302 3039 2792
2 2687 3533 3545
2 3038 3545 2586
2 3038 3176 3175
2 3538 3176 2636
2 3538 2636 3550
2 2703 3538 3550
2 3538 2636 3550
2 3534 3552 2568
2 3550 2582 2681
2 3541 3532 3544
2 3532 3541 3531
2 3532 3531 3365
2 3531 2615 3365
2 2615 2067 3365
2 3365 2067 2049
2 2067 2054 2049
2 2049 2054 3101
2 1967 2054 2067
2 2067 2505 1967
2 1967 2505 2074
2 1967 2074 3260
2 1967 3260 3309
2 3309 3260 3098
2 3309 3098 3295
2 3260 3261 3098
2 2383 3261 3260
2 2383 3260 2074
2 2074 3278 2383
2 2383 3278 3353
2 3353 3261 2383
2 2253 3261 3353
2 2253 3299 3261
2 2333 3299 2253
2 3262 2333 2253
2 3262 3099 2333
2 3099 3294 2333
2 2370 2333 3294
2 2370 3294 3307
2 2449 2370 3307
2 2449 3307 1099
2 1099 3307 2562
2 958 1099 2562
2 958 2562 1103
2 958 1103 2141
2 2141 3248 958
2 3254 958 3248
2 3248 3235 3254
2 958 3254 2611
2 2611 1099 958
2 1098 1099 2611
2 3248 2141 2613
2 2823 2613 2141
2 2141 1103 2823
2 2141 1103 2823
2 2562 3307 1103
2 3307 1430 1103
2 3307 3294 1430
2 2611 1099 958
2 2562 3307 1103
2 2449 3299 2370
2 3299 2333 2370
2 3307 3294 1430
2 3299 2333 2370
2 3325 3294 3099
2 3099 2708 3325
2 3100 3325 2708
2 3258 3100 2708
2 2829 3258 2708
2 3099 2829 2708
2 3099 2547 2829
2 2829 2547 3258
2 3366 3258 2547
2 3366 2547 2780
2 3366 2780 3279
2 2780 2547 3262
2 3099 3262 2547
2 3258 3366 2242
2 2242 2344 3258
2 3100 3258 2344
2 2242 2629 2344
2 2629 48 2344
2 2344 48 41
2 41 48 2825
2 2629 2242 3352
2 2242 3366 3352
2 2242 3366 3352
2 3099 3262 2547
2 2829 2547 3258
2 3100 3258 2344
2 3099 2829 2708
2 3099 3262 2547
2 3299 2333 2370
2 3353 3278 2727
2 3353 2727 3192
2 3278 2074 2572
2 2572 2074 1211
2 1211 2074 2505
2 1211 2505 2067
2 1211 2067 2615
2 3531 1211 2615
2 3353 3261 2383
2 2383 3260 2074
2 1211 2074 2505
2 1211 2505 2067
2 1211 2067 2615
2 3531 1211 2615
2 3534 3552 2568
2 3532 3541 3531
2 3534 3533 2787
2 3531 1211 2615
2 3534 3533 2787
2 2572 2074 1211
2 3278 2074 2572
2 2687 3533 3545
2 3535 2687 3545
2 3353 3278 2727
2 3353 2727 3192
2 3535 3302 3543
2 3543 2792 3040
2 3165 3543 2815
2 3163 3304 2717
2 3165 3192 3535
2 3353 2727 3192
2 2253 3261 3353
2 3262 2333 2253
2 2780 2547 3262
2 2285 2597 3192
2 3366 2780 3279
2 3165 3163 2285
2 2717 3542 3163
2 3366 2780 3279
2 2242 3366 3352
2 2629 2242 3352
2 71 80 2814
2 2629 3164 63
2 2629 48 2344
2 41 48 2825
2 56 63 2814
2 2825 30 2812
2 2777 2812 30
2 2777 19 2812
2 2812 19 23
2 23 27 2812
2 27 23 3296
2 2777 2812 30
2 2777 5 9
2 2777 19 2812
2 12 9 2749
2 1047 19 12
2 2812 19 23
2 27 23 3296
2 1453 1456 3293
2 27 23 3296
2 23 27 2812
2 2825 30 2812
2 41 48 2825
2 34 3297 2664
2 2344 48 41
2 3100 3258 2344
2 34 3297 2664
2 3100 3325 2708
2 3293 3297 3296
2 3325 3294 3099
2 3307 3294 1430
2 1453 1456 3293
2 3307 1430 1103
2 1456 1047 2549
2 2141 1103 2823
2 1047 956 2549
2 2823 2613 2141
2 2749 956 1047
2 2749 5 2826
2 2749 5 2826
2 5 2777 7
2 2813 7 2830
2 3247 2826 2813
2 2613 956 3247
2 3248 2141 2613
2 3248 3235 3254
2 2561 2613 2718
2 2718 2613 3222
2 3222 2805 2991
2 3490 3064 3065
2 3063 2993 2991
2 3222 2805 2991
2 3490 17 21
2 2830 7 2805
2 7 2777 2714
2 17 2805 14
2 3490 17 21
2 3490 21 3064
2 3319 3064 2771
2 25 21 2714
2 2714 30 2774
2 2690 58 2517
2 2690 2671 2694
2 51 43 2774
2 2671 3051 2694
2 2774 43 36
2 2771 25 36
2 2771 3562 3319
2 2671 2740 3051
2 2759 3319 3562
2 3317 2740 3054
2 3319 2759 2881
2 2631 3317 3054
2 2770 2881 3061
2 2770 2881 3061
2 2770 2993 3063
2 2993 2974 2561
2 2974 3235 2561
2 3248 3235 3254
2 958 3254 2611
2 1098 1099 2611
2 1098 1099 2611
2 2449 3307 1099
2 2449 3299 2370
2 1447 1400 3324
2 2253 3299 3261
2 3260 3261 3098
2 3309 3098 3295
2 1447 1400 3324
2 3309 3098 3295
2 1096 2378 1400
2 1096 2378 1400
2 2527 943 2519
2 3251 2519 943
2 3252 3251 943
2 3252 943 2408
2 3252 943 2408
2 1098 950 1096
2 3252 943 2408
2 2611 3253 950
2 3252 3251 943
2 3231 2660 2970
2 3250 3231 3230
2 3251 2519 943
2 931 941 3250
2 2527 943 2519
2 1398 2527 1092
2 1398 2527 1092
2 668 1020 3313
2 3289 3300 3097
2 1397 1104 3313
2 1398 1104 1397
2 1398 3309 2378
2 1967 3260 3309
2 1967 2054 2067
2 2049 2054 3101
2 3310 1397 3289
2 3289 3300 3097
2 2049 2054 3101
2 3097 3287 3259
2 3365 2067 2049
2 3532 3531 3365
2 3541 3532 3544
2 3166 2720 3476
2 2582 3552 3544
2 3550 2582 2681
2 3550 2582 2681
2 2703 3538 3550
2 2703 3538 3550
2 3538 3176 2636
2 3038 3176 3175
2 3525 820 3538
2 2699 3414 2436
2 2699 3517 3414
2 3517 3528 3414
2 825 3414 3528
2 825 3528 2766
2 825 2766 2422
2 825 2422 3548
2 2766 829 2422
2 2422 829 2742
2 2742 829 969
2 2766 3528 829
2 2766 3528 829
2 3527 3518 2733
2 3527 2737 820
2 825 3414 3528
2 825 2422 3548
2 2737 3175 820
2 3038 3175 3039
2 3302 3039 2792
2 3543 2792 3040
2 825 2422 3548
2 2490 3304 3040
2 2422 829 2742
2 2742 829 969
2 3037 3304 2490
2 3304 3037 2717
2 2717 3542 3163
2 2799 3303 3272
2 2602 3279 3542
2 2602 2609 3352
2 2609 3164 3352
2 2799 3303 3272
2 80 71 3164
2 3272 3036 2706
2 71 80 2814
2 2814 2774 30
2 83 74 2774
2 3549 74 83
2 2706 91 80
2 3272 3036 2706
2 3162 3549 2575
2 3036 3037 969
2 3162 2575 2832
2 2742 829 969
2 2612 2832 969
2 3162 2575 2832
2 2765 3162 2517
2 2671 2690 2517
2 2671 2790 2740
2 2790 3520 2740
2 3415 2832 2606
2 2612 829 2606
2 2766 3528 829
2 3516 3520 3410
2 3517 3528 3414
2 3516 3520 3410
2 3520 3054 2740
2 2631 3317 3054
2 3511 2881 2631
2 3511 3062 3061
2 2879 2837 2841
2 3061 3062 2975
2 2975 2553 2974
2 2974 2553 3234
2 3253 3254 3234
2 3232 3252 3253
2 3233 3234 2971
2 3232 2524 2970
2 3486 2524 2701
2 2972 2971 2553
2 2701 3500 3486
2 3500 2778 2874
2 2686 2778 3068
2 2553 2729 2972
2 2729 2975 2841
2 2879 2837 2841
2 2686 2778 3068
2 3560 2769 2686
2 2879 2837 2841
2 2879 2631 2827
2 2631 3257 2827
2 3255 2769 3560
2 3257 3516 3517
2 2699 3517 3414
2 2699 3414 2436
2 3255 3475 2769
2 3475 3473 3512
2 2436 2733 3518
2 3519 3518 3525
2 3316 3561 3474
2 3475 3473 3512
2 2874 3512 3510
2 3316 3561 3474
2 3502 3510 3468
2 3504 3468 3513
2 3513 3056 3055
2 3513 3055 2591
2 3055 3053 2591
2 3053 2585 2591
2 2424 3055 3056
2 3316 3561 3474
2 2424 3055 3056
2 3473 3519 3474
2 2424 3413 3412
2 3519 3518 3525
2 3538 2688 3525
2 2703 3526 2688
2 2424 3413 3412
2 3537 3529 3526
2 3522 3256 3523
2 2424 3413 3412
2 2424 3055 3056
2 3055 3053 2591
2 3256 3522 3521
2 3053 2585 2591
2 3053 2585 2591
2 3513 3055 2591
2 3504 3513 3501
2 3501 3066 2963
2 3472 3515 3315
2 3507 2994 3066
2 2994 3507 3495
2 2995 2994 3495
2 2961 3489 2996
2 2962 2994 2995
2 3220 2962 563
2 3220 2962 563
2 2962 2994 2995
2 3066 2994 2963
2 2963 2967 3488
2 3284 577 3220
2 3229 2969 2967
2 3249 3229 3243
2 854 3284 3220
2 854 966 3277
2 3243 3242 931
2 3243 3242 931
2 931 941 3250
2 941 1104 1092
2 668 3313 1104
2 3242 3277 984
2 854 966 3277
2 1020 668 1511
2 1060 966 1054
2 1020 1511 1388
2 3298 3287 1388
2 3298 3287 1388
2 3323 37 45
2 3097 3287 3259
2 3259 3193 2049
2 3530 3193 3194
2 3364 68 3194
2 3354 3259 2003
2 60 3364 52
2 2003 3287 45
2 3156 52 1190
2 3323 37 45
2 3482 3121 1535
2 3156 52 1190
2 3156 1198 3273
2 1198 3122 2574
2 3482 3121 1535
2 2574 3122 2663
2 2574 2663 1192
2 1278 3481 1192
2 3041 1278 1543
2 3070 1543 2162
2 1535 1565 3122
2 40 3178 53
2 3482 3121 1535
2 1190 37 3121
2 3288 3283 37
2 40 3178 53
2 458 3283 3288
2 458 3283 3288
2 3288 3298 1383
2 1499 1403 1462
2 1388 1060 1383
2 1060 966 1054
2 1106 1499 1462
2 1054 966 627
2 993 1108 1106
2 1108 993 3276
2 648 1108 3276
2 666 978 678
2 648 1418 1108
2 3306 1499 1418
2 3312 458 3306
2 3178 3312 1180
2 1418 1485 3291
2 1503 3308 1487
2 666 1485 1418
2 666 978 678
2 1503 3308 1487
2 1184 3270 3268
2 3177 3268 3270
2 3177 1364 3268
2 1364 3483 3268
2 3483 1364 3367
2 1602 3367 1364
2 3470 1602 1364
2 1645 3470 1364
2 1364 3177 1645
2 2420 3470 1645
2 3469 2420 1645
2 1645 1634 3469
2 2022 2420 3469
2 2022 3469 3263
2 2883 2022 3263
2 2883 3263 2626
2 2110 2883 2626
2 3363 2883 2110
2 2110 3437 3363
2 3363 3437 2127
2 1859 3363 2127
2 1859 2127 3435
2 3042 1859 3435
2 90 1859 3042
2 90 3042 2407
2 2407 2726 90
2 90 2726 2479
2 1859 90 2479
2 3363 1859 2479
2 2883 3363 2479
2 2883 2479 2022
2 2479 2550 2022
2 2550 3470 2022
2 2022 3470 2420
2 2726 3470 2550
2 2479 2726 2550
2 2726 1602 3470
2 2457 1602 2726
2 2457 2726 2407
2 2457 3471 1602
2 3471 3367 1602
2 2479 2726 2550
2 2479 2726 2550
2 2457 2726 2407
2 1859 90 2479
2 3435 2127 2448
2 3301 3435 2448
2 3301 2448 3408
2 3408 2448 2845
2 3408 2845 3479
2 2448 1838 2845
2 3358 2845 1838
2 3358 1838 2652
2 3358 2652 3477
2 2713 3358 3477
2 2713 3477 3359
2 3477 2652 3437
2 3477 3437 3436
2 2110 3436 3437
2 1838 3437 2652
2 2127 3437 1838
2 1838 2448 2127
2 1838 3437 2652
2 1838 2448 2127
2 1838 2448 2127
2 3363 1859 2479
2 2127 3437 1838
2 2110 3436 3437
2 2883 3363 2479
2 2883 2479 2022
2 2022 3470 2420
2 2022 3470 2420
2 2726 1602 3470
2 3471 3367 1602
2 1364 3177 1645
2 3484 3269 39
2 3484 39 47
2 3177 3268 3270
2 1364 3177 1645
2 1645 1634 3469
2 3484 39 47
2 1645 1634 3469
2 2022 3469 3263
2 2883 3263 2626
2 2110 2883 2626
2 2110 3436 3437
2 3477 3437 3436
2 2713 3477 3359
2 64 57 3434
2 2713 3477 3359
2 2713 3358 3477
2 3563 2764 3190
2 3190 2670 3563
2 3563 3189 2764
2 3563 2380 3189
2 3563 3189 2764
2 3358 2845 1838
2 3408 2845 3479
2 3563 2380 3189
2 3322 3314 3505
2 3505 3467 3322
2 3103 3322 3467
2 3467 3104 3103
2 3104 2844 3103
2 3103 2844 2846
2 46 2844 3104
2 3102 46 3104
2 3467 3102 3104
2 2853 3102 3467
2 3505 2853 3467
2 2853 2537 3102
2 3102 2537 31
2 31 46 3102
2 46 31 3174
2 46 3174 3463
2 54 46 3463
2 2844 46 54
2 3183 3463 3174
2 3174 44 3183
2 3174 31 44
2 31 2580 44
2 3463 3183 3185
2 3174 31 44
2 2537 3320 31
2 31 46 3102
2 2844 46 54
2 3467 3102 3104
2 3505 2853 3467
2 3314 3067 3505
2 3067 3494 3505
2 3505 3494 3492
2 2760 3492 3494
2 2760 2978 3492
2 3492 2978 3111
2 2760 2716 2978
2 2978 2716 3226
2 3508 3494 3067
2 3314 3508 3067
2 3508 3493 3494
2 3314 3508 3067
2 3103 3322 3467
2 3103 2844 2846
2 2380 3321 3479
2 3408 2845 3479
2 3103 2844 2846
2 3301 2448 3408
2 2844 46 54
2 3301 3435 2448
2 3042 1859 3435
2 90 3042 2407
2 2457 2726 2407
2 3540 75 87
2 2457 3471 1602
2 3540 67 75
2 3471 3367 1602
2 3483 1364 3367
2 1364 3483 3268
2 1184 3270 3268
2 1503 1496 1184
2 3308 1503 3292
2 3291 3292 1180
2 1177 3268 3179
2 3178 3312 1180
2 1360 3179 3483
2 40 3178 53
2 3471 67 1360
2 2162 1535 53
2 3070 1543 2162
2 3540 67 75
2 3564 3540 2292
2 3070 3041 1543
2 3041 1564 3071
2 3357 3060 1564
2 3357 3356 3485
2 3564 3540 2292
2 2292 2610 3195
2 3305 3485 3356
2 1990 2482 3305
2 3168 1990 3407
2 3029 3407 3218
2 2292 2610 3195
2 87 85 2610
2 85 3042 3556
2 2511 3029 3218
2 61 3556 3435
2 3029 2511 3023
2 54 61 3301
2 54 46 3463
2 3463 3183 3185
2 3029 3023 3462
2 3462 3184 3186
2 3463 3183 3185
2 3184 3158 3186
2 1842 2750 3158
2 1842 1594 1879
2 3184 3183 3159
2 1589 1879 1594
2 3174 44 3183
2 1589 1879 1594
2 3281 1879 3264
2 3281 1879 3264
2 3281 3274 1898
2 78 2935 3274
2 3539 3551 3118
2 78 2935 3274
2 2036 3113 2935
2 2036 2030 3113
2 76 2335 2030
2 2720 3530 76
2 88 78 3551
2 3166 2720 3476
2 2582 3476 1419
2 3539 3551 3118
2 3537 2681 1419
2 3537 3529 3526
2 3539 3551 3118
2 3524 3523 3529
2 78 70 3118
2 70 3264 65
2 3522 3524 3411
2 59 65 1879
2 3411 3521 3522
2 50 59 1589
2 3053 3521 3052
2 50 1589 44
2 3052 3472 2585
2 31 2580 44
2 3472 3515 3315
2 3515 3514 3507
2 31 2580 44
2 2537 3320 31
2 3514 3506 3507
2 3506 3318 3495
2 2537 3320 31
2 2853 2537 3102
2 3497 3495 3318
2 3505 2853 3467
2 2996 3497 3496
2 3505 3494 3492
2 2996 3496 2989
2 3492 2978 3111
2 2996 3496 2989
2 2964 2961 2996
2 2964 2961 2996
2 2961 591 2995
2 3238 563 591
2 3238 627 854
2 993 627 890
2 3223 3239 2961
2 993 890 3236
2 3236 3285 3276
2 3223 2964 2965
2 2965 3111 3225
2 3276 3285 914
2 3224 3225 3111
2 648 914 978
2 3224 3225 3111
2 3492 2978 3111
2 2978 2716 3226
2 3224 3227 3245
2 978 3224 3245
2 666 978 678
2 1486 678 2320
2 1486 678 2320
2 1377 1503 1486
2 1496 1503 1377
2 1496 1159 1184
2 26 33 3290
2 3269 1184 1159
2 3484 3269 39
2 3484 39 47
2 1634 47 55
2 55 62 1634
2 62 79 3469
2 89 3263 79
2 89 81 2626
2 81 72 3436
2 3436 72 64
2 64 57 3434
2 3359 57 49
2 42 3359 49
2 2786 35 2779
2 2786 28 35
2 2302 35 28
2 2302 28 2310
2 2310 28 24
2 24 3503 2310
2 24 20 3503
2 20 16 3503
2 2786 16 20
2 20 24 2786
2 2786 24 28
2 20 24 2786
2 2786 24 28
2 2786 24 28
2 3359 42 3188
2 2302 35 28
2 3190 2713 3188
2 3190 2670 3563
2 2302 28 2310
2 24 3503 2310
2 2670 2302 2869
2 3190 2670 3563
2 3563 2380 3189
2 3321 2380 3314
2 3314 3508 3067
2 2715 3563 2860
2 2860 2869 3509
2 3508 3493 3494
2 3503 3499 3509
2 2638 2960 2990
2 2731 2990 2960
2 2731 3228 2990
2 3508 3493 3494
2 2760 3492 3494
2 2760 2716 2978
2 2638 2960 2990
2 2978 2716 3226
2 2731 3228 2990
2 2990 2240 3226
2 3237 3227 3226
2 3240 3221 3244
2 3245 3237 3241
2 3241 3116 978
2 3240 3221 3244
2 3116 2725 678
2 3115 3244 3246
2 1004 2320 2725
2 1377 1004 1495
2 1372 3290 1495
2 1372 22 26
2 3154 1469 1495
2 3154 1004 3115
2 3115 3246 4
2 3115 8 15
2 15 18 1469
2 18 22 1469
2 1372 22 26
2 26 33 3290
2 2788 39 33
2 2788 2783 62
2 2783 2779 89
2 2786 35 2779
2 2786 16 20
2 13 16 29
2 20 16 3503
2 1924 2734 2204
2 3503 3499 3509
2 2960 3493 3499
2 2731 2990 2960
2 1924 2734 2204
2 2731 3228 2990
2 3286 3246 3228
2 3286 6 4
2 10 2734 13
2 29 10 13
2 3286 6 4
2 29 8 4
