6 7668 4267 4107
6 7393 2591 6064
6 6664 5091 1292
6 12264 176 2522
6 922 160 176
6 12583 385 303
6 4132 12039 12588
6 303 266 240
6 2078 108 4295
6 716 12914 4377
6 12126 122 12130
6 1134 176 2521
6 7212 12595 5879
6 4107 4267 12697
6 8441 7576 7622
6 115 12126 60
6 8441 7622 7125
6 5167 7154 1037
6 839 12914 716
6 12130 839 716
6 1072 2521 176
6 12699 1365 1072
6 186 160 922
6 8374 12599 1602
6 12599 7118 1705
6 4377 2265 1806
6 159 185 1806
6 1806 2265 159
6 839 122 130
6 1691 2673 12697
6 2521 1365 2992
6 2792 1010 12408
6 12408 1010 2234
6 11868 922 1134
6 922 176 1134
6 1446 2643 7159
6 1010 12914 1117
6 1365 2521 1072
6 12264 2522 1984
6 1602 7116 6127
6 7116 1602 4759
6 5686 12593 7982
6 839 130 1117
6 7204 2025 3889
6 6393 535 533
6 2228 1037 12598
6 2218 131 1134
6 1134 131 11868
6 240 187 6628
6 240 6628 7118
6 2218 125 131
6 12470 2218 1134
6 12591 2161 3633
6 3576 1705 7208
6 1926 1984 251
6 5127 1926 251
6 2555 12265 1357
6 3037 4295 115
6 5999 3700 5091
6 4350 7191 6351
6 2570 12591 3633
6 1691 12693 2673
6 2792 2097 1010
6 12264 1072 176
6 12699 1072 12264
6 5027 330 265
6 265 2978 5027
6 12698 12693 1691
6 12698 1691 12333
6 12697 12333 1691
6 1365 5355 2823
6 2652 2859 5639
6 116 109 11331
6 116 11331 4336
6 1673 5043 12590
6 2689 12598 4748
6 1667 2097 2792
6 2792 7204 1770
6 7204 5427 1770
6 12036 2161 2518
6 4402 2161 12036
6 3889 2025 1513
6 12078 123 116
6 117 2078 3926
6 1134 2521 1077
6 2521 2992 1077
6 4759 5990 7116
6 267 262 2924
6 1926 12264 1984
6 2118 8611 3927
6 343 325 262
6 188 267 2924
6 7393 12265 2555
6 12049 1446 2935
6 2025 12409 7198
6 2025 7198 4033
6 7965 12408 4740
6 8318 12599 4743
6 7118 260 240
6 7169 2689 3617
6 12583 303 260
6 12583 260 3028
6 58 2118 3927
6 125 12333 118
6 3695 6177 12590
6 159 5414 187
6 1430 1677 6375
6 3617 2689 4748
6 4858 3617 4748
6 1134 1077 12470
6 4033 7198 3829
6 12408 7204 2792
6 266 3088 329
6 527 329 3088
6 159 2265 5414
6 2555 2992 2823
6 2831 1677 6282
6 12593 5684 7982
6 11331 56 4336
6 7758 7169 3617
6 12592 1685 3359
6 3576 7208 3030
6 3947 1540 5043
6 5539 1540 3947
6 5639 325 2652
6 6628 187 2865
6 2097 12914 1010
6 2935 7148 8882
6 3306 260 7118
6 3306 6556 260
6 2025 4033 1513
6 12598 3440 4748
6 240 266 187
6 2228 12598 2689
6 591 6203 4132
6 1685 12592 5999
6 3700 5999 12592
6 8516 7125 4737
6 1077 1357 12470
6 12265 12470 1357
6 3359 7212 1644
6 32 4267 3850
6 1667 2792 1770
6 7982 4858 12596
6 2992 1365 2823
6 262 325 251
6 1899 2161 4402
6 8093 4188 4085
6 7758 3617 4858
6 1010 1117 2234
6 12694 5218 2881
6 591 3266 3359
6 12698 6064 12693
6 6375 12589 5218
6 1984 262 251
6 1984 2924 262
6 115 4295 108
6 2957 3927 118
6 329 527 535
6 329 535 7335
6 5639 7061 5127
6 9653 7848 12696
6 1365 12699 5355
6 3088 266 385
6 5427 7138 3807
6 10921 12037 6556
6 5427 6384 7138
6 5427 3889 6384
6 4377 12914 2265
6 3818 1899 5322
6 2518 12591 12035
6 3889 1513 3421
6 3860 8318 3576
6 3807 7138 4860
6 1770 3807 3030
6 7204 3889 5427
6 3285 12595 5355
6 343 262 267
6 4010 6351 7191
6 485 8149 529
6 3695 6375 5218
6 3266 12588 3085
6 4926 3085 12588
6 4976 2643 6622
6 5639 251 325
6 1077 2992 1357
6 2555 1357 2992
6 12049 7150 2643
6 12589 8696 6208
6 8696 12589 6375
6 5414 2865 187
6 5547 4107 2673
6 2881 4107 5547
6 5253 12035 12591
6 3979 5131 1926
6 3621 12592 3085
6 839 1117 12914
6 3633 2161 1899
6 1221 1685 7734
6 7193 4188 4748
6 6628 2865 7118
6 5131 5355 12699
6 5131 3285 5355
6 115 122 12126
6 4267 12695 3850
6 12597 2570 3818
6 4740 2234 124
6 124 12409 4740
6 6203 12584 4132
6 6098 3421 2228
6 2265 2097 5414
6 57 2318 3926
6 4188 4858 4748
6 7284 6177 12694
6 7284 1673 6177
6 12333 125 3992
6 12333 3992 12698
6 6871 3849 4448
6 12593 6871 4448
6 8134 7622 7154
6 12697 32 58
6 4132 3530 12039
6 5127 3979 1926
6 8093 4085 6664
6 7440 6622 7150
6 7150 8479 7440
6 4107 12697 2673
6 1899 4402 7116
6 7116 5990 1899
6 8441 7125 8516
6 2234 1117 130
6 3927 109 118
6 3927 8611 109
6 12078 116 4336
6 12598 4976 6261
6 4962 2570 12597
6 4267 32 12697
6 2522 176 160
6 160 188 2522
6 5355 12595 10309
6 5355 10309 2823
6 5999 5091 1540
6 3440 6261 4894
6 12078 4336 56
6 8739 7169 7758
6 1685 1221 7212
6 591 4132 3266
6 2831 6282 31
6 12265 6064 12698
6 12037 5406 4402
6 330 5027 529
6 3359 1685 7212
6 4188 12596 4858
6 8739 7758 4448
6 4448 3849 8739
6 4527 7159 1037
6 1037 7159 1624
6 6064 2591 4465
6 4737 7125 3829
6 7212 5879 1644
6 1644 5879 3285
6 7154 4527 1037
6 3992 125 2218
6 1283 1430 4548
6 4506 1283 4548
6 124 2234 130
6 4759 7353 5113
6 4759 8318 7353
6 4962 12597 6701
6 117 108 2078
6 1673 3947 5043
6 5539 3947 6376
6 8318 4743 3576
6 3576 4743 1705
6 12598 6261 3440
6 12694 2881 5547
6 12697 58 2957
6 2957 58 3927
6 5253 12591 7711
6 2570 7711 12591
6 3807 4860 3030
6 4325 3030 4860
6 7159 2643 4976
6 12598 1624 4976
6 4976 1624 7159
6 4962 4926 7711
6 5043 1540 5091
6 5639 5127 251
6 1283 4506 6834
6 8538 1283 6834
6 117 2318 5254
6 7982 12596 5197
6 7982 5197 1528
6 4759 5113 5990
6 1292 8093 6664
6 6664 5043 5091
6 4553 6332 6871
6 12594 8927 3979
6 60 3037 115
6 7118 1161 3306
6 264 1616 185
6 57 3829 2318
6 12696 2555 9653
6 12035 5253 12039
6 5027 2978 534
6 5197 2058 8694
6 3633 3818 2570
6 1899 3818 3633
6 2555 2823 5528
6 7198 12409 2318
6 117 5254 124
6 3695 4548 6375
6 1616 264 7227
6 1528 6526 10645
6 1528 8694 6526
6 6629 1667 7208
6 6376 3947 1673
6 5406 7116 4402
6 2865 5414 6629
6 5406 6127 7116
6 2097 1667 5414
6 6629 5414 1667
6 3305 6375 1677
6 5639 12258 7061
6 12597 3818 4030
6 6208 2917 7295
6 6208 7295 7668
6 1446 7148 2935
6 7353 8318 3860
6 7353 3860 5113
6 6177 3695 5218
6 12914 2097 2265
6 6127 8374 1602
6 8318 4759 1602
6 3576 3030 4325
6 6360 12590 6664
6 3860 4325 6332
6 3860 3576 4325
6 2865 1705 7118
6 5684 4858 7982
6 4448 4858 5684
6 7982 1528 5686
6 1528 4030 5686
6 2522 188 1984
6 4743 12599 1705
6 6526 5788 10645
6 6526 8694 5788
6 7440 6351 4010
6 7995 3530 4132
6 12696 7284 2591
6 12696 6376 7284
6 8516 7410 7098
6 8882 8516 7098
6 1984 188 2924
6 12409 124 5254
6 4030 3818 1477
6 2859 5890 12258
6 1292 2058 6917
6 3028 6556 12037
6 5322 1899 5990
6 3850 12695 1810
6 2917 1810 12695
6 3849 7138 8739
6 3849 4860 7138
6 5952 12694 4465
6 4465 12694 12693
6 6152 7376 12594
6 12594 3484 6152
6 1602 12599 8318
6 12265 7393 6064
6 10921 1161 6127
6 4188 8093 12596
6 7169 6098 2228
6 6332 3849 6871
6 1673 12590 6177
6 4188 7193 4085
6 7193 8538 4085
6 1677 2192 6282
6 6282 2192 8767
6 6901 2192 1677
6 2881 6208 4107
6 6261 7191 10150
6 4132 12588 3266
6 4350 6351 6901
6 4085 6360 6664
6 4506 6360 4085
6 4962 7711 2570
6 6376 1673 7284
6 2643 7150 6622
6 7284 12694 5952
6 4030 1477 4553
6 1477 7706 4553
6 527 3088 505
6 2917 3305 6459
6 2099 7150 5459
6 5459 7150 12049
6 7440 2192 6351
6 4010 7191 4976
6 6459 1810 2917
6 5197 8694 1528
6 267 8149 485
6 12594 7376 8927
6 3028 260 6556
6 6622 4010 4976
6 7410 8516 4737
6 4628 10150 7191
6 12599 8374 7118
6 4962 6701 3621
6 109 8611 11331
6 12594 3979 5127
6 7061 12594 5127
6 8694 3700 5788
6 8767 2192 8479
6 1161 8374 6127
6 7734 1685 5999
6 1540 7734 5999
6 3829 57 30
6 4737 3829 30
6 4033 8134 1513
6 7154 7622 4527
6 12049 2643 1446
6 5879 12595 3285
6 12584 3484 12258
6 3484 7061 12258
6 3359 1644 591
6 591 1644 6152
6 1770 5427 3807
6 7227 264 7335
6 264 329 7335
6 1430 8782 1677
6 1528 12597 4030
6 4030 4553 12593
6 5686 4030 12593
6 4010 6622 7440
6 3085 12592 3359
6 3266 3085 3359
6 12693 5547 2673
6 4506 4548 3695
6 12590 4506 3695
6 3421 6098 3889
6 3889 6098 6384
6 7965 7204 12408
6 7204 7965 2025
6 7376 1644 3285
6 7125 7622 4033
6 3484 12594 7061
6 12588 5253 7711
6 7148 8441 8882
6 7191 6261 4976
6 12695 4267 7668
6 7758 4858 4448
6 5539 7848 4667
6 6393 7335 535
6 12408 2234 4740
6 4740 12409 7965
6 343 267 485
6 3926 2078 57
6 3700 2058 5091
6 8134 7154 5167
6 6332 7706 3860
6 267 330 8149
6 8759 12696 2591
6 7393 8759 2591
6 330 529 8149
6 2831 31 12692
6 6152 1644 7376
6 5131 12699 1926
6 303 240 260
6 1513 8134 3421
6 12590 5043 6664
6 1430 4350 8782
6 7125 4033 3829
6 4465 2591 5952
6 7284 5952 2591
6 2865 6629 1705
6 7208 1705 6629
6 8882 8441 8516
6 4894 4628 8538
6 266 303 385
6 6177 5218 12694
6 5218 12589 2881
6 12589 6208 2881
6 8095 8479 2099
6 8479 7150 2099
6 3849 4325 4860
6 8904 12584 6203
6 8904 3484 12584
6 505 3088 385
6 4448 5684 12593
6 4350 1430 1283
6 8696 3305 2917
6 4350 6901 8782
6 7995 12584 5890
6 4548 1430 6375
6 12696 8759 2555
6 8759 7393 2555
6 8767 8095 31
6 6282 8767 31
6 8782 6901 1677
6 6357 1221 4667
6 4667 1221 7734
6 6393 7227 7335
6 3484 8904 6152
6 6152 8904 6203
6 8927 5131 3979
6 2161 12591 2518
6 2831 3305 1677
6 12693 6064 4465
6 7148 1446 7159
6 4350 1283 4628
6 4350 4628 7191
6 10150 4628 4894
6 7376 3285 5131
6 8927 7376 5131
6 12694 5547 12693
6 8134 4033 7622
6 3305 8696 6375
6 2228 5167 1037
6 9653 2555 5528
6 4894 6261 10150
6 4628 1283 8538
6 6152 6203 591
6 1161 6556 3306
6 1477 5113 7706
6 2058 3700 8694
6 6384 6098 7169
6 7159 7576 7148
6 5788 12592 3621
6 3700 12592 5788
6 4667 5528 10309
6 6834 4506 4085
6 8538 6834 4085
6 1292 5091 2058
6 8134 5167 3421
6 7734 5539 4667
6 8739 6384 7169
6 12595 1221 6357
6 1221 12595 7212
6 4962 3085 4926
6 7118 8374 1161
6 4667 10309 6357
6 4667 7848 5528
6 2228 2689 7169
6 2935 8882 7098
6 1540 5539 7734
6 5639 2859 12258
6 6901 6351 2192
6 8095 8767 8479
6 7138 6384 8739
6 5788 6701 10645
6 6701 5788 3621
6 8093 1292 6917
6 12596 8093 6917
6 8479 2192 7440
6 4962 3621 3085
6 3440 7193 4748
6 6376 11169 5539
6 5539 11169 7848
6 5406 10921 6127
6 10309 5528 2823
6 1161 10921 6556
6 6208 8696 2917
6 4553 6871 12593
6 7706 6332 4553
6 1477 3818 5322
6 1477 5322 5113
6 3849 6332 4325
6 2058 5197 6917
6 5990 5113 5322
6 3421 5167 2228
6 2917 12695 7295
6 6208 7668 4107
6 7148 7576 8441
6 4894 8538 7193
6 3440 4894 7193
6 4527 7622 7576
6 5528 7848 9653
6 7706 5113 3860
6 4926 12588 7711
6 123 11868 131
6 3992 2218 12470
6 3992 12470 12698
6 3829 7198 2318
6 5254 2318 12409
6 3926 2318 117
6 7208 1770 3030
6 7965 12409 2025
6 4132 12584 7995
6 7159 4527 7576
6 1037 1624 12598
6 5197 12596 6917
6 10645 6701 12597
6 1528 10645 12597
6 6357 10309 12595
6 5890 12584 12258
6 4506 12590 6360
6 12037 10921 5406
6 7295 12695 7668
6 12039 5253 12588
6 12037 4402 12036
6 1667 1770 7208
6 12333 2957 118
6 12265 12698 12470
6 12697 2957 12333
6 12696 11169 6376
6 11169 12696 7848
6 12699 12264 1926
6 6459 3305 12692
6 2831 12692 3305
6 12130 122 839
