6 334 828 597
6 9 3 269
6 335 794 130
6 916 19 336
6 396 229 562
6 926 466 345
6 548 261 124
6 497 207 160
6 513 510 124
6 512 513 124
6 256 928 793
6 919 274 280
6 348 256 793
6 461 161 192
6 334 22 18
6 745 337 513
6 541 29 51
6 541 51 195
6 253 201 583
6 229 16 261
6 338 570 397
6 479 575 158
6 345 466 812
6 925 345 812
6 466 349 924
6 924 349 256
6 466 926 349
6 349 926 256
6 566 356 485
6 485 356 610
6 160 202 497
6 613 21 30
6 334 18 720
6 202 597 481
6 356 335 610
6 475 16 14
6 785 370 504
6 370 158 543
6 398 563 338
6 205 370 543
6 486 19 23
6 370 205 504
6 369 21 916
6 696 543 485
6 337 338 397
6 778 777 782
6 399 4 8
6 337 532 513
6 791 32 23
6 25 23 32
6 928 927 793
6 261 16 12
6 334 652 22
6 510 532 212
6 550 510 212
6 569 348 237
6 681 160 207
6 696 205 543
6 592 197 762
6 204 197 592
6 14 591 595
6 701 595 591
6 927 522 432
6 522 831 432
6 550 212 589
6 548 229 261
6 610 335 336
6 124 763 512
6 261 8 124
6 924 256 348
6 558 212 532
6 513 532 510
6 791 779 32
6 720 468 828
6 681 461 654
6 160 384 803
6 191 655 463
6 467 463 655
6 921 29 20
6 921 588 29
6 484 25 192
6 197 204 263
6 491 195 51
6 726 279 779
6 279 600 602
6 717 358 927
6 492 831 237
6 358 522 927
6 492 237 348
6 205 161 504
6 30 49 37
6 29 36 51
6 470 207 497
6 195 474 201
6 583 263 204
6 197 199 49
6 358 481 701
6 807 732 776
6 776 732 15
6 849 397 570
6 785 504 470
6 466 400 3
6 777 778 792
6 791 726 779
6 202 481 157
6 358 157 481
6 728 814 725
6 779 602 571
6 332 613 869
6 927 432 793
6 218 588 123
6 195 201 253
6 780 543 575
6 746 512 763
6 512 746 745
6 191 28 384
6 468 720 710
6 237 639 4
6 4 639 8
6 32 37 45
6 553 714 45
6 199 553 45
6 32 571 37
6 237 4 593
6 725 778 726
6 602 779 279
6 345 925 786
6 470 497 157
6 31 185 44
6 517 44 185
6 432 492 793
6 925 2 786
6 800 786 2
6 709 192 714
6 730 791 19
6 729 18 792
6 30 630 613
6 517 463 274
6 782 777 218
6 717 479 470
6 185 191 463
6 399 8 12
6 261 12 8
6 563 548 550
6 510 550 548
6 480 786 800
6 742 763 6
6 237 831 923
6 730 19 21
6 921 20 18
6 720 18 20
6 921 18 729
6 504 161 207
6 161 681 207
6 700 16 229
6 743 12 468
6 714 553 920
6 920 553 199
6 32 779 571
6 613 730 21
6 237 593 569
6 274 463 467
6 732 807 854
6 463 517 185
6 31 777 792
6 160 681 654
6 588 36 29
6 630 30 37
6 777 36 218
6 589 813 570
6 922 123 588
6 199 197 263
6 199 45 49
6 37 49 45
6 474 491 274
6 218 36 588
6 602 630 571
6 484 205 696
6 23 25 486
6 486 25 484
6 696 486 484
6 920 709 714
6 474 274 919
6 571 630 37
6 491 44 517
6 920 199 263
6 263 919 920
6 602 600 781
6 218 600 782
6 600 123 781
6 384 28 159
6 792 22 31
6 31 22 28
6 337 745 398
6 562 563 398
6 548 124 510
6 548 562 229
6 563 562 548
6 358 470 157
6 335 130 545
6 201 263 583
6 212 735 589
6 558 735 212
6 613 630 869
6 610 486 760
6 486 696 760
6 928 926 209
6 928 209 479
6 926 928 256
6 475 597 828
6 348 914 924
6 652 159 28
6 652 28 22
6 828 334 720
6 558 9 735
6 700 14 16
6 597 595 481
6 597 475 595
6 595 475 14
6 602 869 630
6 725 922 729
6 717 927 928
6 717 928 479
6 602 781 869
6 600 218 123
6 922 921 729
6 191 185 28
6 31 28 185
6 922 725 814
6 470 504 207
6 591 10 1
6 522 591 1
6 279 782 600
6 831 1 923
6 1 10 923
6 522 701 591
6 831 522 1
6 763 8 6
6 742 14 700
6 777 31 36
6 201 474 263
6 36 31 44
6 701 522 358
6 474 919 263
6 398 396 562
6 781 123 814
6 743 399 12
6 15 17 566
6 467 280 274
6 348 569 914
6 610 760 485
6 760 696 485
6 926 786 209
6 480 209 786
6 467 655 654
6 384 655 191
6 776 566 485
6 812 466 3
6 776 485 543
6 575 480 780
6 732 854 835
6 558 488 11
6 158 370 785
6 158 785 470
6 192 35 40
6 32 40 35
6 787 480 800
6 192 40 714
6 480 479 209
6 12 16 468
6 575 479 480
6 550 589 570
6 158 575 543
6 849 827 397
6 787 800 2
6 787 2 805
6 2 925 805
6 780 807 543
6 807 776 543
6 338 563 570
6 787 805 11
6 350 9 269
6 337 558 532
6 558 337 488
6 345 786 926
6 7 558 11
6 589 735 13
6 350 13 9
6 742 6 10
6 794 17 13
6 813 13 17
6 130 13 350
6 589 13 813
6 794 13 130
6 550 570 563
6 735 9 13
6 40 45 714
6 40 32 45
6 776 15 566
6 794 335 356
6 17 794 566
6 15 11 827
6 827 11 488
6 849 17 15
6 461 709 467
6 813 17 570
6 17 849 570
6 835 780 480
6 835 480 787
6 9 812 3
6 916 21 19
6 397 488 337
6 827 488 397
6 794 356 566
6 475 828 16
6 15 827 849
6 730 726 791
6 854 807 780
6 854 780 835
6 746 742 700
6 732 835 787
6 159 202 803
6 803 384 159
6 15 732 11
6 732 787 11
6 481 595 701
6 202 159 597
6 160 803 202
6 497 202 157
6 745 746 398
6 396 398 746
6 746 700 396
6 742 10 14
6 591 14 10
6 358 717 470
6 601 541 195
6 123 922 814
6 814 869 781
6 782 726 778
6 726 782 279
6 461 192 709
6 491 517 274
6 725 792 778
6 792 725 729
6 32 35 25
6 25 35 192
6 467 654 461
6 160 655 384
6 742 746 763
6 160 654 655
6 681 161 461
6 484 161 205
6 923 10 6
6 467 709 280
6 16 828 468
6 237 923 639
6 923 6 639
6 639 6 8
6 597 159 652
6 597 652 334
6 396 700 229
6 710 743 468
6 762 197 49
6 762 49 30
6 730 728 726
6 730 332 728
6 812 9 7
6 558 7 9
6 337 398 338
6 479 158 470
6 484 192 161
6 486 336 19
6 336 486 610
6 728 332 814
6 335 545 916
6 916 336 335
6 18 22 792
6 791 23 19
6 805 925 11
6 726 728 725
6 253 601 195
6 8 763 124
6 919 709 920
6 919 280 709
6 332 730 613
6 922 588 921
6 332 869 814
6 474 195 491
6 51 36 44
6 51 44 491
6 466 924 400
6 793 492 348
6 745 513 512
6 7 11 925
6 7 925 812
6 432 831 492
