6 1790 1788 10196
6 5862 863 12108
6 11070 3042 896
6 6812 7738 12465
6 7738 5693 12465
6 2273 62 6489
6 62 2273 4827
6 7461 2544 3357
6 7789 1611 7780
6 1109 1170 152
6 1109 152 7474
6 1170 6499 152
6 212 354 7878
6 7390 530 5398
6 254 6466 10845
6 359 650 357
6 1914 1882 6552
6 233 11774 11467
6 6489 62 901
6 5858 12464 1286
6 12110 355 1159
6 1159 355 1607
6 6213 12472 24
6 6758 12472 4965
6 5046 10893 5101
6 6411 1631 518
6 8684 518 1631
6 400 5390 6711
6 501 7484 418
6 486 7303 10
6 10 7303 11454
6 396 239 8767
6 587 5493 5556
6 587 62 4827
6 11043 334 2083
6 11311 1795 10894
6 8003 2260 2241
6 217 11774 233
6 4963 41 6723
6 7575 4963 6723
6 688 2388 5265
6 7195 501 28
6 501 418 28
6 418 7466 28
6 11367 11578 226
6 8682 11773 225
6 11773 215 225
6 1859 10938 5834
6 8731 10654 1947
6 232 11774 7404
6 62 760 901
6 6552 10431 1926
6 1177 7278 1178
6 1222 5116 6433
6 1914 6552 1926
6 235 236 7586
6 11333 1904 1894
6 2247 841 4951
6 841 3430 8607
6 338 4801 5350
6 956 41 4963
6 1014 7335 5555
6 599 600 590
6 7275 1912 4977
6 8731 1480 3322
6 10118 2021 1970
6 7525 6711 1232
6 1015 6759 598
6 4919 11522 518
6 1927 10168 235
6 1782 1182 11983
6 3734 4294 4440
6 2272 10893 7551
6 657 245 244
6 5844 1911 1880
6 1880 1911 10942
6 7929 1361 7168
6 1835 400 514
6 10655 546 1376
6 12108 863 12359
6 10589 40 11335
6 417 2021 7196
6 3872 4716 1918
6 696 1480 7196
6 5046 5101 334
6 5269 1232 6711
6 1560 11779 2763
6 519 6746 7565
6 519 7566 6745
6 780 12436 3453
6 352 5817 7358
6 675 7447 6074
6 11771 5247 368
6 5247 4645 368
6 359 352 650
6 8767 6433 637
6 1936 367 1092
6 519 6745 7775
6 11373 530 8664
6 863 5862 5671
6 11553 2490 1631
6 212 674 4912
6 7624 1372 1305
6 11333 1930 1904
6 514 4329 218
6 2492 5651 4668
6 7325 2508 2154
6 1754 2295 1891
6 1891 10920 1754
6 500 10816 6732
6 2761 500 6732
6 2761 6735 500
6 3897 32 7272
6 32 6291 7272
6 1817 6297 1845
6 1845 1795 1821
6 1704 244 245
6 716 1944 6227
6 391 1889 832
6 391 5760 1889
6 1786 2298 11631
6 244 12415 653
6 1480 1947 7195
6 3328 802 801
6 1958 11729 801
6 1994 224 10431
6 1994 10431 6552
6 6662 10434 601
6 1622 6214 10434
6 594 10434 6214
6 2083 2272 11729
6 7362 1015 7335
6 2083 5101 2272
6 7361 601 7334
6 7325 2154 2496
6 7334 601 594
6 2232 1304 1430
6 10939 1785 2298
6 2508 11522 5269
6 226 7525 11367
6 333 11772 2989
6 8557 7167 1353
6 5269 2393 1232
6 2393 6710 1232
6 599 8880 600
6 6297 5599 1845
6 822 740 11104
6 740 11908 8003
6 909 1179 11070
6 3882 215 10872
6 11553 1757 2490
6 10600 8142 1286
6 8830 1172 6295
6 1813 4527 930
6 1 10598 3785
6 1631 2490 8684
6 2914 343 5615
6 11499 10571 906
6 1003 5843 5626
6 907 909 808
6 907 7701 909
6 600 8880 11014
6 909 11969 11521
6 12400 366 1921
6 11920 907 7766
6 781 783 779
6 5626 1883 1003
6 5626 11633 1883
6 6235 10196 1788
6 12464 7512 1286
6 11454 11034 10
6 1015 598 7746
6 12472 34 5000
6 34 2652 5000
6 1014 595 6662
6 12465 5863 6812
6 7484 24 2652
6 1004 1242 5845
6 2656 1994 6552
6 7630 10519 2771
6 7630 2771 11340
6 818 815 7607
6 1885 6708 1884
6 1366 11928 1372
6 896 6823 22
6 1158 6213 4635
6 6295 5206 871
6 924 1560 6611
6 1560 924 11779
6 798 10686 10755
6 6272 1615 10909
6 7701 1178 1179
6 1179 1178 11802
6 10909 1615 11936
6 7223 6169 365
6 8643 7753 2253
6 2791 3429 12109
6 7419 892 3343
6 2771 2770 6725
6 11929 2238 2237
6 7899 11974 673
6 673 11974 1048
6 5786 10134 520
6 5787 520 10136
6 634 50 45
6 5493 4827 11042
6 4997 530 7390
6 4454 500 6735
6 519 7565 11325
6 6185 364 11049
6 3278 2295 6134
6 1941 10729 6736
6 1222 239 2923
6 338 5350 956
6 7194 11453 9
6 38 7765 30
6 30 11523 38
6 11692 10374 2239
6 932 4527 12054
6 385 375 7210
6 7335 1014 11015
6 215 3882 225
6 1092 1945 1936
6 1903 1571 4977
6 7796 11474 3909
6 2274 2273 8574
6 11454 7303 11344
6 4544 829 11972
6 1440 2437 7782
6 3322 696 416
6 1754 363 2295
6 760 3343 892
6 1025 413 354
6 18 1738 5668
6 11198 11474 269
6 8664 530 6253
6 1937 2490 7675
6 1937 8684 2490
6 335 7339 3370
6 3915 5537 355
6 355 5537 1607
6 5842 1241 1003
6 5062 400 6711
6 1361 6237 5513
6 2362 7607 1979
6 2272 11499 804
6 1891 5818 5788
6 4031 1172 8830
6 12052 12110 1168
6 7465 1179 11802
6 1176 10571 10755
6 1178 7701 11920
6 1178 6329 1177
6 1178 11920 6329
6 1629 5555 1162
6 7439 7358 834
6 1168 1171 12052
6 1159 1171 1168
6 1788 1790 1814
6 1806 1788 1814
6 1172 1176 10686
6 4645 367 368
6 7145 53 58
6 53 6723 58
6 6723 11738 58
6 1217 50 634
6 2490 2492 7675
6 3276 1304 2603
6 1304 8614 2603
6 10431 12252 1926
6 2313 1927 12253
6 12253 1927 1499
6 243 602 652
6 6072 23 1300
6 12400 1921 10631
6 1004 1880 2478
6 1880 7276 2478
6 10944 1921 7275
6 11031 3772 821
6 8856 821 3772
6 1436 5579 360
6 4993 1538 7143
6 53 396 637
6 47 53 637
6 4958 1813 930
6 243 6243 602
6 5424 3867 2230
6 2230 3867 841
6 1665 1538 8587
6 1665 8587 7929
6 1158 4635 1515
6 1882 3883 1507
6 3883 1882 6240
6 1010 12105 5863
6 7512 10 11034
6 784 808 11521
6 10167 224 8819
6 3431 8601 3915
6 7276 11629 2478
6 1780 9 4802
6 4827 7969 331
6 4635 3042 1515
6 1235 3276 5252
6 7195 1947 11620
6 518 724 6411
6 901 407 12052
6 1421 1422 11527
6 1802 10939 2298
6 7864 14 18
6 18 14 1738
6 1430 1304 11942
6 1305 1372 11928
6 1875 5816 1610
6 5809 1879 8599
6 8599 1879 5562
6 1476 11577 7789
6 1476 10547 11577
6 530 11373 5398
6 3447 2937 6566
6 3447 11730 2937
6 385 734 5548
6 354 5548 1025
6 5548 734 1025
6 4332 375 1485
6 1485 375 385
6 674 7878 30
6 674 30 5591
6 12015 11049 364
6 7878 674 212
6 5669 953 1005
6 5669 1005 8694
6 7929 6237 1361
6 7604 1305 4993
6 1371 7782 6363
6 7984 229 8836
6 1690 1923 3787
6 920 6611 11111
6 2238 10519 11988
6 366 1912 1921
6 750 5100 7389
6 1005 953 5848
6 953 5668 5848
6 12052 871 901
6 6489 901 871
6 8136 10816 500
6 10938 916 4499
6 7575 34 4963
6 1166 6821 597
6 6202 1165 1629
6 1615 594 6214
6 10873 10236 1
6 11663 10156 1158
6 671 7369 652
6 10994 1371 1704
6 10994 1704 245
6 7782 2437 7713
6 10920 1940 4541
6 4541 8582 3745
6 239 1222 8767
6 1430 7222 6243
6 1667 1441 2923
6 546 1222 1441
6 4826 5732 1898
6 486 11338 816
6 1704 1371 1370
6 740 2241 826
6 8574 6489 871
6 7272 4592 1434
6 11553 1631 6411
6 7339 472 2914
6 3292 33 4284
6 12349 33 3292
6 530 4997 6253
6 5579 1939 3872
6 901 760 892
6 1911 10610 11655
6 1911 7647 5841
6 4645 1092 367
6 3042 11850 1515
6 1665 7929 4281
6 5234 5786 4674
6 514 4677 6454
6 155 11495 8611
6 1370 7793 11471
6 6424 155 8611
6 772 12027 10846
6 772 11332 12027
6 1015 597 7335
6 1607 5537 12350
6 5423 7637 2754
6 1561 5423 2754
6 724 11522 2508
6 11310 1787 10895
6 4526 6296 1866
6 1783 6784 1785
6 1859 7666 10938
6 8723 12406 5
6 590 11986 599
6 1607 12350 590
6 1781 1784 11338
6 518 11522 724
6 5 4996 5099
6 4839 1941 11581
6 4839 11581 3745
6 352 7780 650
6 1782 7864 2791
6 2754 11531 10519
6 2240 4975 8003
6 4791 391 429
6 6626 391 4791
6 2235 11775 12431
6 10493 2235 2236
6 650 7780 1934
6 12051 6784 818
6 10729 1941 4839
6 1817 1182 10342
6 8582 4839 3745
6 1866 1814 7747
6 10342 2791 12054
6 1866 1806 1814
6 2238 6236 2237
6 1862 4295 6296
6 4003 19 21
6 21 19 7211
6 1866 6296 1806
6 1859 10939 1802
6 1859 1862 7666
6 12053 7747 4958
6 4716 10399 1918
6 1845 5599 1795
6 1885 1933 6708
6 1885 5631 1875
6 1875 1610 5559
6 2478 11629 5620
6 2478 5620 12318
6 650 1934 357
6 1941 5063 11581
6 6748 13 17
6 6824 17 13
6 11617 357 361
6 909 7701 1179
6 11617 6287 392
6 358 11617 392
6 10631 1921 10944
6 1918 4826 1943
6 1873 1877 8764
6 1941 10383 8667
6 1025 734 430
6 1025 430 2014
6 4959 780 3453
6 31 5069 7474
6 4951 841 916
6 4951 916 8643
6 822 11908 740
6 417 39 47
6 7575 47 39
6 413 6482 11523
6 1979 7 11
6 8639 11 7
6 6333 4960 8
6 4960 8641 8
6 956 4963 34
6 4965 12472 6213
6 2240 7803 4975
6 2260 4975 2255
6 417 47 2302
6 3431 892 7211
6 2302 2021 417
6 8856 3772 822
6 2014 413 1025
6 385 7210 734
6 2014 6482 413
6 5252 3276 1369
6 12472 5000 24
6 5000 2652 24
6 6729 15 11
6 7360 11 15
6 1371 7793 1370
6 432 657 2278
6 6823 896 3042
6 5063 1892 11581
6 1892 5063 8667
6 2298 1785 12051
6 2230 2400 7636
6 1802 2298 1786
6 2240 2254 2253
6 2083 334 5101
6 1958 7339 335
6 546 5116 1222
6 1912 1920 5129
6 6484 11527 1422
6 1305 8587 1538
6 673 5234 4674
6 673 1048 5234
6 5718 6725 2770
6 2764 2763 11779
6 10519 11929 2771
6 11458 3784 11498
6 10255 2764 12023
6 6303 2764 11313
6 10579 1985 1077
6 2260 8003 4975
6 2239 2254 2240
6 5258 19 8601
6 2247 2254 10478
6 2254 10374 10478
6 10255 2763 2764
6 2238 11988 830
6 19 6625 10133
6 2238 830 6236
6 17 10135 7564
6 6758 34 12472
6 2247 8643 2253
6 7855 10167 2313
6 6236 830 11105
6 2254 2247 2253
6 10893 2274 7551
6 6235 1788 1787
6 10893 2272 5101
6 2274 7969 2273
6 5350 4801 41
6 5350 41 956
6 519 7775 10340
6 3669 1918 10399
6 400 1835 5390
6 2496 5390 1835
6 4668 7675 2492
6 2381 7510 2190
6 518 8684 4919
6 338 956 6758
6 6758 11959 338
6 218 4329 7787
6 1010 5863 4522
6 1010 4522 1006
6 11472 21 6499
6 6654 7339 802
6 1307 1372 7624
6 1930 7582 1904
6 5556 5493 340
6 8783 5493 11042
6 6514 11026 330
6 1499 481 3669
6 1499 1927 481
6 1968 10579 416
6 10579 1968 4401
6 5129 4977 1912
6 4965 6213 1158
6 1480 696 3322
6 1787 4295 10895
6 1787 1806 4295
6 418 2652 7466
6 909 11070 11969
6 1179 11850 11070
6 1505 8607 3430
6 916 8607 1505
6 4295 1786 10895
6 429 5578 432
6 2582 432 5578
6 10819 18 5668
6 10819 6734 18
6 599 11986 10848
6 6433 8767 1222
6 230 231 8719
6 432 4791 429
6 816 2540 6333
6 514 6454 4329
6 10544 6 1
6 2492 4334 5651
6 4334 10236 5651
6 7544 7582 1923
6 1904 6566 5732
6 1 6 10598
6 10928 10921 675
6 2508 5269 2154
6 8764 1906 7347
6 7276 1880 10942
6 8837 232 7985
6 2437 1440 10655
6 2496 6711 5390
6 11044 256 1369
6 11738 11331 58
6 58 11331 7605
6 364 7879 12015
6 359 357 1939
6 604 546 10655
6 12 11637 11083
6 519 11372 6746
6 519 10340 11372
6 7347 1906 12285
6 5 0 11458
6 4996 5 11458
6 11497 7194 9
6 11497 12057 13
6 7371 13 12057
6 604 4401 546
6 338 349 11560
6 1485 5548 10172
6 2260 2255 2763
6 2764 11779 11313
6 11656 4854 1920
6 1434 4592 1694
6 1694 4592 5693
6 1852 1505 6824
6 5805 7222 1235
6 6384 1007 968
6 6580 1883 11633
6 954 5849 5670
6 2295 363 6134
6 6134 363 11028
6 1926 6287 361
6 6552 1882 2656
6 362 10922 4440
6 11029 4644 365
6 5599 1814 1790
6 30 7765 5591
6 32 3897 2944
6 6736 10984 1941
6 400 4677 514
6 8723 5 5099
6 2612 1903 1877
6 2490 1757 2492
6 8682 224 1994
6 716 330 2978
6 1945 2979 6514
6 602 671 652
6 20 6213 24
6 34 7466 2652
6 7145 396 53
6 2518 1242 10819
6 3745 11656 1944
6 1667 7713 1441
6 4294 994 5818
6 1862 1802 4295
6 7394 2496 1835
6 7429 1506 7404
6 2274 8574 7551
6 12055 31 152
6 12055 7419 31
6 1781 1182 1784
6 1242 6734 10819
6 1242 10344 6734
6 3733 6364 352
6 7573 1879 5809
6 4677 3882 6454
6 3882 2543 6454
6 7855 2313 12252
6 716 4464 1944
6 5170 1897 3257
6 5671 1010 1006
6 1891 3278 5630
6 1077 416 10579
6 6514 330 716
6 3213 11522 4919
6 1485 10172 3306
6 5562 1879 6345
6 6345 1879 11630
6 3772 11908 822
6 1897 5170 11730
6 7986 1933 1923
6 12202 1923 1933
6 6626 432 6339
6 11026 684 4644
6 832 4644 684
6 1918 3669 6914
6 3357 10873 1
6 3357 1 11345
6 6823 3042 20
6 329 6484 1422
6 152 31 7474
6 7513 22 5849
6 10920 4541 1754
6 1165 6202 1176
6 1894 5732 4826
6 20 12045 6823
6 20 5670 12045
6 1665 4281 7163
6 6237 11928 346
6 7864 7572 3429
6 3431 5258 8601
6 3257 1903 4977
6 3257 4977 2915
6 11043 2083 1958
6 688 5265 674
6 4912 674 5265
6 481 1894 6914
6 1548 6625 1247
6 828 824 826
6 1785 10939 11359
6 10939 5834 11359
6 6482 671 634
6 5001 5809 12
6 5001 12 8889
6 7573 5809 5001
6 1667 1306 7143
6 486 8 7303
6 7303 8 11344
6 6484 329 5806
6 329 7178 5806
6 7178 2443 5806
6 7214 17 15
6 5424 15 17
6 10135 17 7214
6 1476 6364 3733
6 2190 1476 3733
6 587 4827 5493
6 10921 673 675
6 673 4674 675
6 675 4674 7447
6 2237 4544 10910
6 2190 3733 7439
6 6168 11048 362
6 2362 2400 10374
6 47 6723 53
6 47 7575 6723
6 834 7358 1061
6 7358 5817 1061
6 7666 1862 920
6 1862 4526 920
6 1048 1401 5786
6 7372 779 896
6 5615 6759 1015
6 359 5817 352
6 6514 716 4028
6 1476 7789 6364
6 1914 12203 6240
6 3453 3428 40
6 2021 696 7196
6 1906 3447 12285
6 33 5591 7765
6 1889 4644 832
6 12001 340 8783
6 1884 1506 3334
6 3390 4541 3745
6 10841 11476 1304
6 10841 1304 2232
6 7 9 11453
6 4802 9 7
6 7336 1903 1897
6 7696 2236 4665
6 1885 1884 5631
6 1914 6240 1882
6 343 2914 472
6 6202 11765 1177
6 1162 11765 6202
6 6626 6339 4978
6 31 780 4959
6 31 4959 5069
6 11359 5834 1852
6 11935 968 1007
6 7696 4665 7386
6 7805 7163 493
6 493 7928 11306
6 12406 0 5
6 6748 17 7564
6 12325 1170 11473
6 3370 2914 7362
6 3897 1307 11330
6 1307 3897 1434
6 7637 16 8889
6 7607 815 1979
6 783 784 779
6 3919 2680 11324
6 3918 11324 2680
6 10341 2704 3975
6 11631 8856 1786
6 10547 6729 6571
6 1010 6810 12105
6 5620 11630 1879
6 5620 1879 7573
6 10924 7899 673
6 12318 5620 7573
6 2191 10723 10928
6 1781 486 10
6 4646 2977 2594
6 4028 716 6227
6 11936 1615 6214
6 863 5671 8134
6 1911 5844 7647
6 10942 1911 11655
6 361 1914 1926
6 4464 2978 363
6 2978 11028 363
6 7582 1930 8870
6 3787 8870 1930
6 5862 1010 5671
6 362 3278 6168
6 6168 3278 11030
6 11105 830 6217
6 7864 18 7572
6 269 11474 7796
6 3893 1385 7167
6 657 432 2582
6 224 10167 7855
6 1884 12026 5631
6 7986 7740 1933
6 329 6198 7178
6 7163 7928 493
6 7386 11929 2237
6 815 7 1979
6 354 212 7879
6 330 4646 2978
6 10135 2304 11323
6 16 7573 5001
6 16 5001 8889
6 7447 5786 520
6 2237 10910 7696
6 2237 7696 7386
6 7223 4332 1485
6 1782 11983 14
6 5062 3882 4677
6 1003 1883 5841
6 6580 10610 1883
6 4668 8685 7675
6 696 2021 10118
6 5631 12026 3
6 5631 3 5816
6 12026 8598 3
6 5816 3 8598
6 1667 7143 7927
6 1015 7746 597
6 2977 11029 2594
6 1441 1222 2923
6 613 12415 1007
6 657 2582 245
6 8764 7336 1897
6 8764 1897 1906
6 1873 8764 5559
6 8764 7347 5559
6 604 10655 6265
6 10815 954 8137
6 10923 2605 11049
6 331 7969 5046
6 8601 19 23
6 23 19 1300
6 1795 11311 6217
6 335 11015 11043
6 11104 826 824
6 365 5760 4332
6 12406 10871 0
6 7211 19 5258
6 2236 4544 10493
6 1306 239 11370
6 1306 11370 4993
6 6729 11 6571
6 2747 1732 5749
6 2747 11476 1732
6 7544 1923 12202
6 3872 1918 1943
6 1615 6272 4586
6 6073 7214 15
6 6073 15 7510
6 11471 1896 3682
6 6329 906 10571
6 2235 4665 2236
6 233 8685 4668
6 7636 7360 15
6 6725 11340 2771
6 5059 6696 50
6 1897 11730 1906
6 10133 1300 19
6 5062 226 225
6 254 10845 12029
6 254 12029 10421
6 4802 7 815
6 362 4294 5630
6 4827 331 11042
6 2828 1892 4854
6 1944 1920 6227
6 11656 1920 1944
6 4541 1940 8582
6 1940 4839 8582
6 1783 1785 11359
6 7878 413 11523
6 4919 6167 231
6 231 11662 4919
6 8719 8820 230
6 3257 8605 10503
6 8605 4854 1892
6 841 8607 916
6 10874 2544 7461
6 254 10421 11021
6 254 11021 7462
6 10872 7462 2543
6 4958 930 925
6 1898 2937 8667
6 1305 1538 4993
6 4996 750 7389
6 11459 4997 5100
6 2255 11111 1560
6 8820 6710 230
6 367 8731 368
6 5671 954 10815
6 2770 7386 4665
6 2154 5269 2496
6 7803 2255 4975
6 3897 2684 2944
6 6914 1894 4826
6 2449 6580 353
6 5059 50 56
6 56 50 1217
6 2304 10136 3918
6 11336 5069 991
6 991 5069 10589
6 5579 994 5817
6 5579 5817 359
6 8694 1005 1009
6 1911 1883 10610
6 1883 1911 5841
6 7372 896 22
6 1518 1109 7474
6 6611 920 4526
6 7439 4954 2190
6 4954 2381 2190
6 1376 1441 7713
6 11774 232 8837
6 11467 11774 8837
6 5170 1892 8667
6 6214 1622 1165
6 4031 6214 1165
6 1894 1927 1928
6 1927 235 1928
6 481 1927 1894
6 7793 1620 1896
6 1896 1620 6424
6 1172 10686 6295
6 6235 824 10196
6 18 5423 7572
6 6734 16 18
6 5423 18 16
6 604 10955 1985
6 4401 604 1985
6 340 5493 8783
6 10519 2238 11929
6 429 1985 5578
6 343 338 11959
6 256 1421 1369
6 1746 4454 10814
6 598 11663 1166
6 8667 5063 1941
6 1926 12252 6287
6 3919 10138 2680
6 953 12442 8138
6 431 6339 2278
6 784 11521 779
6 10344 16 6734
6 5423 16 7637
6 7466 34 7575
6 1166 597 7746
6 1371 6363 7793
6 4988 1947 10654
6 11633 11620 4988
6 781 32 4801
6 1547 1248 7564
6 1049 5787 1402
6 5787 10136 2304
6 1014 5555 595
6 1629 595 5555
6 5559 7779 1873
6 4993 1553 7604
6 1553 4993 11370
6 1788 1806 1787
6 5579 359 1939
6 674 5591 688
6 1795 5599 10894
6 10939 1859 5834
6 1505 4499 916
6 5630 3278 362
6 2824 1611 7789
6 1934 7780 1611
6 11637 1878 2868
6 1878 5562 1610
6 1166 7746 598
6 3429 1561 12109
6 10571 12250 1177
6 5671 1006 954
6 229 11579 8836
6 6168 2605 11048
6 12000 2605 6168
6 863 8134 5669
6 12359 5669 5855
6 11472 4003 21
6 892 21 7211
6 338 343 349
6 2764 6303 5718
6 2303 11322 3919
6 11322 10138 3919
6 5732 2937 1898
6 6482 45 38
6 38 45 6696
6 2700 1232 6710
6 7525 1232 2700
6 2278 657 653
6 5760 365 4644
6 1162 5555 597
6 10544 1 10236
6 7362 2914 1015
6 2914 5615 1015
6 1940 5788 11618
6 2247 4951 8643
6 11471 3682 2747
6 1866 7747 12053
6 1235 991 5805
6 991 10589 5805
6 5806 11336 991
6 12 5809 11637
6 5855 8694 1009
6 5669 8694 5855
6 1077 11771 368
6 416 1077 368
6 7572 5423 3429
6 1970 1968 10118
6 416 10118 1968
6 1852 5834 1505
6 1667 2923 1306
6 11032 1943 10383
6 10383 1943 1898
6 10136 520 11324
6 1877 7336 8764
6 5841 5842 1003
6 1004 10344 1242
6 5844 1004 5845
6 1004 5844 1880
6 6758 956 34
6 5842 6732 1241
6 32 41 4801
6 41 32 2944
6 1005 5848 12463
6 431 2278 613
6 4544 2237 6236
6 1009 4521 5858
6 12150 1009 5858
6 1010 5862 6810
6 7145 239 396
6 8684 6167 4919
6 5100 4997 7390
6 1732 10841 3242
6 1817 1845 1182
6 352 6364 7780
6 1435 10944 7275
6 781 11560 783
6 3217 2754 7637
6 6303 930 6725
6 6303 6725 5718
6 4527 932 6610
6 5787 2304 1402
6 4295 1802 1786
6 5423 1561 3429
6 10503 8605 1892
6 5170 10503 1892
6 598 10156 11663
6 1401 6072 1300
6 637 2302 47
6 6240 11576 2
6 11576 11639 2
6 6240 3809 11576
6 8685 233 11467
6 3276 2603 1369
6 5556 340 3428
6 1754 4541 3390
6 5234 1048 5786
6 2896 10924 10921
6 1049 1402 6073
6 2381 1049 6073
6 2191 6074 1049
6 6074 5787 1049
6 12465 6291 7513
6 6291 12465 5693
6 863 5669 12359
6 2190 6729 1476
6 2190 7510 6729
6 10841 243 11935
6 1622 1629 1165
6 2400 7360 7636
6 1286 7512 10600
6 1782 14 7864
6 1553 10576 7604
6 7624 7604 10576
6 472 6654 784
6 3428 4284 40
6 3734 1061 4294
6 11030 6134 1075
6 1075 6134 11971
6 1937 2739 6167
6 1075 12000 6168
6 6168 11030 1075
6 335 3370 7362
6 808 784 6654
6 4993 7143 1306
6 358 392 4716
6 358 4716 1939
6 1075 6185 12000
6 7969 10893 5046
6 2864 6345 11630
6 6198 1518 2443
6 2864 1877 6345
6 1943 4826 1898
6 12400 4501 1945
6 11662 231 230
6 3306 6169 7223
6 6169 3306 1075
6 11765 7278 1177
6 11692 7607 10374
6 688 5591 23
6 11104 824 6235
6 1787 11310 6235
6 6240 2 12028
6 11639 12028 2
6 7339 801 802
6 11662 230 6710
6 2851 1014 6662
6 10955 6265 2582
6 1607 6272 1159
6 590 6272 1607
6 5669 10814 953
6 804 11499 906
6 2239 11031 11692
6 2240 11031 2239
6 2447 3785 10598
6 6291 32 12056
6 7372 12056 32
6 6745 1548 1247
6 6745 1247 11198
6 8868 228 10168
6 8868 2737 1999
6 8868 1999 8820
6 2313 12253 12252
6 12252 12253 1499
6 634 602 6243
6 10729 1940 6736
6 1940 10729 4839
6 10814 12442 953
6 4646 2594 11028
6 7565 6746 1547
6 11335 56 5805
6 1440 245 10992
6 6265 10992 245
6 361 8128 1914
6 10373 2362 1979
6 349 472 784
6 1877 1873 6345
6 7779 6345 1873
6 12252 1499 6287
6 6287 1499 392
6 1985 333 1077
6 493 11306 6363
6 5548 7879 364
6 407 892 3431
6 901 892 407
6 750 11459 5100
6 41 2944 11738
6 7747 1813 4958
6 11662 3213 4919
6 4332 4978 375
6 5559 2731 10935
6 11620 1947 4988
6 1852 6824 13
6 6465 217 10874
6 6465 7429 217
6 7766 804 906
6 2824 11576 1611
6 3809 1611 11576
6 10992 10655 1440
6 10493 11972 828
6 7369 968 652
6 8557 6424 1620
6 12325 6499 1170
6 1782 2791 10342
6 3322 416 368
6 7551 8574 5206
6 772 6465 7461
6 772 11344 10422
6 481 6914 3669
6 10134 11324 520
6 10134 3919 11324
6 7430 11773 2656
6 5252 991 1235
6 5252 5806 991
6 1939 4716 3872
6 254 7462 6466
6 6580 4988 353
6 4440 4294 362
6 5630 5818 1891
6 10848 4284 340
6 1945 6514 4028
6 1945 4028 12400
6 7899 11047 1649
6 11047 4340 1649
6 4527 6610 930
6 5615 1257 6759
6 7564 1248 6748
6 6236 829 4544
6 10910 2236 7696
6 6696 45 50
6 1918 6914 4826
6 5129 1920 2915
6 28 39 7196
6 10172 5548 364
6 6424 1353 11004
6 8557 1353 6424
6 5247 684 4645
6 2979 4645 684
6 2303 1401 10133
6 1401 1300 10133
6 7926 6662 601
6 1476 6729 10547
6 1944 4464 3390
6 3390 3745 1944
6 1257 6758 4965
6 3883 3335 1507
6 4464 363 3390
6 6708 232 7404
6 6708 1933 7740
6 7222 1430 11942
6 930 6610 6725
6 6732 2517 1241
6 2761 6732 5842
6 10811 20 6733
6 2761 5845 6735
6 6735 1242 2518
6 5845 1242 6735
6 360 3872 6736
6 834 10723 10926
6 1247 11472 2749
6 1247 6625 11472
6 4668 10874 217
6 217 233 4668
6 10984 1943 11032
6 3872 1943 10984
6 6759 10156 598
6 10168 236 235
6 6784 815 818
6 1440 1371 10994
6 1440 10994 245
6 6696 5059 33
6 5059 40 33
6 1985 429 333
6 3328 907 808
6 3328 808 6654
6 6736 1940 11618
6 1885 1875 10935
6 2014 671 6482
6 2191 1049 4954
6 2191 4954 10723
6 4954 10926 10723
6 11521 896 779
6 10922 362 11048
6 1941 11032 10383
6 10984 11032 1941
6 546 1441 1376
6 2447 11034 3785
6 10600 11034 2447
6 340 4284 3428
6 2232 6243 243
6 1430 6243 2232
6 1738 14 5848
6 11016 5848 14
6 365 6169 11029
6 2191 10928 675
6 2191 675 6074
6 1305 6237 8587
6 1305 11928 6237
6 7713 1667 3892
6 696 10118 416
6 7624 10576 1307
6 1757 6709 2492
6 6709 4334 2492
6 2239 10374 2254
6 4635 20 3042
6 218 1835 514
6 11632 828 11972
6 3897 7272 1434
6 6295 10686 5206
6 5424 17 5492
6 5424 5492 3430
6 7927 1665 7163
6 7928 1385 3893
6 4281 7168 1385
6 750 11498 7194
6 11459 750 7194
6 7196 7195 28
6 10134 1401 2303
6 5786 1401 10134
6 6073 1402 7214
6 7278 11802 1178
6 56 7222 5805
6 7222 1217 6243
6 365 4332 7223
6 11471 5749 1370
6 12051 1785 6784
6 1891 2295 3278
6 1075 11971 6169
6 11987 8889 12
6 7272 5693 4592
6 1435 7275 7704
6 1435 7276 2564
6 6821 1166 7278
6 1436 994 5579
6 2247 2230 841
6 2278 653 613
6 11014 7334 600
6 600 7334 4586
6 804 11729 2272
6 4827 2273 7969
6 1958 2083 11729
6 5559 7347 2731
6 331 7361 11014
6 7361 331 5046
6 335 7362 11015
6 7371 9 1780
6 32 781 7372
6 1940 10920 5788
6 7430 1882 1507
6 7404 1506 1884
6 31 7419 780
6 1505 3430 6824
6 1884 3334 12026
6 10845 7430 1507
6 7447 520 5787
6 11850 1179 7465
6 417 7196 39
6 7145 58 7605
6 2443 1518 7474
6 546 12303 5116
6 4401 1968 12303
6 5843 24 7484
6 11016 14 7512
6 7513 12056 22
6 1999 2700 8820
6 7927 7143 1538
6 3827 3447 7544
6 6566 1904 7582
6 4028 366 12400
6 7551 5206 798
6 8837 2738 2005
6 1999 11367 2700
6 8836 11466 2005
6 2005 11466 2739
6 2005 2739 11467
6 6625 1548 11322
6 1547 10137 7565
6 1548 7566 10138
6 10344 7573 16
6 1257 4965 10156
6 6167 8684 1937
6 229 7984 7586
6 11496 1887 8617
6 11496 8611 1887
6 7605 2684 1553
6 11370 7605 1553
6 1887 11044 2603
6 8731 3322 368
6 12015 212 4912
6 5537 23 12349
6 1561 2754 7630
6 7927 1538 1665
6 7636 15 5424
6 1985 10955 5578
6 2612 1571 1903
6 5651 10873 2544
6 7666 920 917
6 637 6433 1970
6 8685 1937 7675
6 4332 6626 4978
6 10926 4954 7439
6 7740 7985 232
6 6708 7740 232
6 7747 1814 1813
6 917 920 7753
6 7803 11111 2255
6 7575 39 7466
6 23 6072 688
6 6329 7766 906
6 7775 11198 269
6 7775 269 11363
6 2868 1878 8598
6 8598 1878 1610
6 5816 8598 1610
6 5559 1610 7779
6 1610 5562 7779
6 12400 10631 4501
6 7765 38 6696
6 11306 1620 7793
6 3892 7805 7782
6 3893 8557 1620
6 10434 595 1622
6 11335 40 5059
6 10156 4965 1158
6 11323 10137 1547
6 7564 11323 1547
6 11322 1548 10138
6 1649 10923 12015
6 1649 4912 7899
6 6821 1162 597
6 11015 1014 2851
6 2747 5749 11471
6 7926 5046 334
6 7926 334 2851
6 7928 4281 1385
6 8587 6237 7929
6 604 6265 10955
6 1690 7984 2738
6 1690 3787 7984
6 7986 1923 1690
6 11908 2240 8003
6 8012 1307 7273
6 8012 1372 1307
6 7339 6654 472
6 3293 3217 8889
6 1622 595 1629
6 7210 968 430
6 7210 6384 968
6 430 7369 2014
6 671 2014 7369
6 10373 11 7360
6 5099 4996 7389
6 6484 5806 5252
6 431 7210 375
6 1914 8128 12203
6 8134 10815 1746
6 8134 1746 10814
6 1746 4453 8136
6 1746 8136 4454
6 8137 10811 2517
6 8140 1009 12150
6 8140 3469 1009
6 1485 385 5548
6 1781 10 11983
6 11983 10 14
6 10 7512 14
6 33 7765 6696
6 12303 6433 5116
6 2684 11330 1553
6 3897 11330 2684
6 1553 11330 10576
6 8574 871 5206
6 4294 5818 5630
6 11637 8599 1878
6 1878 8599 5562
6 3883 12028 3335
6 2656 1882 7430
6 1887 2603 8614
6 8617 1887 8614
6 12436 587 5556
6 430 968 7369
6 2582 5578 10955
6 8611 11044 1887
6 3682 8617 2747
6 4586 7334 594
6 1177 6329 10571
6 12028 2869 1907
6 2868 12026 1908
6 772 10846 6465
6 772 10422 11332
6 4958 925 924
6 8643 917 7753
6 8643 916 917
6 4912 5265 3281
6 2388 3281 5265
6 6072 2388 688
6 2989 5247 11771
6 11772 832 2989
6 391 832 11772
6 2388 11974 3281
6 4340 2605 10923
6 11324 3918 10136
6 1248 8664 6748
6 4522 7513 5849
6 3334 1908 12026
6 3335 12028 1907
6 11021 3356 7462
6 11021 2693 3356
6 11021 11346 2693
6 8682 226 11578
6 1937 8685 2739
6 229 228 8719
6 8719 231 11579
6 334 11043 2851
6 6723 41 11738
6 2304 10135 1402
6 1402 10135 7214
6 6824 5492 17
6 1817 10342 12054
6 1048 6072 1401
6 3217 7637 8889
6 750 4996 11498
6 4996 11458 11498
6 2737 8819 1999
6 8819 11367 1999
6 1162 6202 1629
6 1009 1005 12463
6 1171 8830 6295
6 909 11521 808
6 4674 5786 7447
6 6074 7447 5787
6 1690 2738 7985
6 7986 1690 7985
6 7582 8870 1923
6 3787 1923 8870
6 599 12001 8880
6 10841 1732 11476
6 1814 5599 1813
6 634 671 602
6 10848 3292 4284
6 10133 11322 2303
6 2303 3919 10134
6 3918 2680 10137
6 10137 2680 11325
6 10138 11325 2680
6 5841 7647 5842
6 5844 5845 7647
6 2737 2313 10167
6 5398 10341 5263
6 7272 6291 5693
6 2298 12051 11631
6 10373 1979 11
6 11084 11 8639
6 6333 12 4960
6 12 8641 4960
6 6333 11987 12
6 12 11083 8641
6 3872 10984 6736
6 7604 7624 1305
6 11016 7512 4521
6 1704 5749 244
6 10255 2260 2763
6 3975 10340 2358
6 10342 1182 1782
6 12318 10344 1004
6 7276 1435 7704
6 8820 2700 6710
6 10168 2313 2737
6 5537 8601 23
6 7607 2362 10374
6 2700 11367 7525
6 11083 2868 1908
6 2869 11084 1907
6 6167 2739 11466
6 10421 8639 7
6 10421 7 11346
6 10422 8 8641
6 10422 11344 8
6 11371 5263 10341
6 2381 6073 7510
6 3734 2561 834
6 2561 10723 834
6 4954 1049 2381
6 11773 8682 1994
6 224 7855 10431
6 229 236 228
6 229 7586 236
6 10434 594 601
6 8617 11476 2747
6 4329 12406 10632
6 360 5579 3872
6 1852 13 7371
6 3909 2749 12325
6 2749 11472 12325
6 1009 12463 4521
6 1485 3306 7223
6 11775 2235 10493
6 7630 2754 10519
6 12022 8 486
6 10874 5651 2544
6 10631 353 4501
6 11579 11466 8836
6 12109 1561 932
6 1561 7630 932
6 6272 590 4586
6 1852 7371 11359
6 6198 2443 7178
6 10589 5069 40
6 10589 11335 5805
6 2443 7474 5069
6 546 4401 12303
6 3257 2915 8605
6 5788 1436 360
6 5818 1436 5788
6 5818 994 1436
6 6580 2449 10610
6 1371 1440 7782
6 801 7339 1958
6 367 1936 10654
6 4988 10654 1936
6 4997 11459 2778
6 5849 22 12045
6 22 6823 12045
6 5670 5849 12045
6 3431 7211 5258
6 1704 1370 5749
6 6296 4295 1806
6 6759 1257 10156
6 2517 10811 1241
6 1746 10815 4453
6 10816 2517 6732
6 2302 1970 2021
6 3827 12202 2731
6 10846 1506 7429
6 10846 3334 1506
6 599 10848 12001
6 225 226 8682
6 367 10654 8731
6 431 613 6384
6 1928 11333 1894
6 11333 1928 1930
6 1928 235 1930
6 235 7586 1930
6 3293 11987 2540
6 6333 2540 11987
6 11988 3293 2540
6 816 830 2540
6 11988 2540 830
6 5562 6345 7779
6 2543 7462 3356
6 3356 10871 2543
6 5651 10236 10873
6 11454 11345 3785
6 11026 4644 2977
6 1092 4645 2979
6 8855 10894 1790
6 10894 5599 1790
6 1159 10909 1171
6 1 3785 11345
6 924 11313 11779
6 10924 673 10921
6 2388 6072 1048
6 11974 2388 1048
6 2896 10922 4340
6 4440 2561 3734
6 10935 1875 5559
6 10938 4499 5834
6 10938 917 916
6 7276 10942 2564
6 1435 2564 10944
6 2400 10373 7360
6 8837 2005 11467
6 2737 10167 8819
6 8868 10168 2737
6 7984 8836 2738
6 8837 7985 2738
6 10631 2449 353
6 4988 6580 11633
6 10655 1376 7713
6 6708 7404 1884
6 5269 3213 2393
6 3213 6710 2393
6 6424 11004 155
6 5848 11016 4521
6 2594 11029 6169
6 3278 6134 11030
6 2603 11044 1369
6 2896 4340 11047
6 10924 2896 11047
6 4340 11048 2605
6 6185 11049 2605
6 407 3431 12110
6 5424 3430 3867
6 7275 4977 7704
6 7276 7704 2612
6 11083 1908 8641
6 1907 11084 8639
6 822 11104 6235
6 829 11105 6217
6 6236 11105 829
6 7753 920 11111
6 7335 597 5555
6 2273 6489 8574
6 6253 2778 13
6 7782 7713 3892
6 11310 822 6235
6 822 11310 8856
6 930 6303 925
6 6303 11313 925
6 925 11313 924
6 1560 2763 2255
6 2304 3918 11323
6 818 821 12051
6 824 828 10196
6 11331 2684 7605
6 11729 804 801
6 11332 1908 3334
6 11332 8641 1908
6 12029 10845 3335
6 12029 3335 1907
6 12029 1907 8639
6 2443 5069 11336
6 5806 2443 11336
6 4912 3281 7899
6 2235 12431 2241
6 6610 932 11340
6 11629 2864 5620
6 12436 62 587
6 11454 11344 11345
6 7461 6465 10874
6 7462 10872 6466
6 3356 2693 0
6 3356 0 10871
6 2693 3784 0
6 11111 6611 1560
6 2612 7704 1571
6 349 784 783
6 781 4801 11560
6 1780 1783 11359
6 7512 11034 10600
6 10340 11363 2358
6 7145 7605 11370
6 11371 3975 2358
6 11372 2704 6746
6 2704 11372 3975
6 2704 11373 8664
6 11373 2704 10341
6 6748 8664 6253
6 1571 7704 4977
6 3469 12359 5855
6 3462 12150 5858
6 8140 12150 3462
6 11771 1077 333
6 2693 11453 3784
6 11346 11453 2693
6 7347 12285 2731
6 7194 3784 11453
6 1168 12110 1159
6 3915 8601 5537
6 12110 3431 3915
6 12110 3915 355
6 4988 1936 353
6 10610 2449 3258
6 8685 11467 2739
6 7986 7985 7740
6 3682 1896 11496
6 1896 6424 11496
6 2778 7194 11497
6 2778 11497 13
6 11498 3784 7194
6 6253 4997 2778
6 798 10755 11499
6 1166 11663 7465
6 338 11560 4801
6 2247 10478 2230
6 11523 6482 38
6 7878 11523 30
6 6484 1369 11527
6 6339 432 2278
6 3293 8889 11987
6 11988 10519 11531
6 11531 3217 3293
6 11988 11531 3293
6 431 375 6339
6 6272 10909 1159
6 1499 3669 392
6 595 10434 6662
6 3447 6566 7544
6 7879 212 12015
6 6784 4802 815
6 816 6807 830
6 11577 2824 7789
6 11577 6571 2824
6 7789 7780 6364
6 8719 228 8868
6 224 11578 8819
6 8682 11578 224
6 8719 11579 229
6 11581 1892 2828
6 2828 3745 11581
6 2828 4854 11656
6 6807 11338 1784
6 12022 486 816
6 10478 2400 2230
6 10478 10374 2400
6 3430 5492 6824
6 2851 6662 7926
6 11043 11015 2851
6 431 6384 7210
6 361 6287 11617
6 11618 5788 360
6 6736 11618 360
6 1241 10811 6733
6 501 5843 7484
6 8667 10383 1898
6 5620 2864 11630
6 11631 12051 821
6 11631 821 8856
6 11632 10196 828
6 2868 8598 12026
6 5809 8599 11637
6 11083 11637 2868
6 5631 5816 1875
6 11576 2869 11639
6 11639 2869 12028
6 6571 11084 2869
6 10942 11655 2564
6 2828 11656 3745
6 11692 821 818
6 11692 818 7607
6 10928 2561 2896
6 2896 10921 10928
6 2896 2561 4440
6 653 657 244
6 12022 6333 8
6 816 6333 12022
6 804 7766 801
6 3370 7339 2914
6 2915 4854 8605
6 11692 11031 821
6 740 8003 2241
6 716 2978 4464
6 2770 2771 11929
6 8767 637 396
6 2923 239 1306
6 1781 11338 486
6 6807 816 11338
6 7586 3787 1930
6 590 12350 11986
6 12350 3292 11986
6 1906 11730 3447
6 2944 11331 11738
6 12053 6611 4526
6 4401 1985 10579
6 429 391 11772
6 330 2977 4646
6 11029 2977 4644
6 11026 2977 330
6 1945 1092 2979
6 1162 6821 11765
6 6725 6610 11340
6 11014 7361 7334
6 11015 7362 7335
6 333 2989 11771
6 429 11772 333
6 11773 7430 215
6 11774 217 7429
6 11775 828 826
6 828 11775 10493
6 2764 5718 12023
6 1434 1694 7273
6 7465 11802 1166
6 5669 8134 10814
6 8138 2518 5668
6 2518 10819 5668
6 354 7879 5548
6 760 12436 3343
6 5843 1241 6733
6 5170 8667 2937
6 1813 5599 6297
6 243 10841 2232
6 3213 11662 6710
6 5269 6711 2496
6 11522 3213 5269
6 6746 2704 1248
6 2704 8664 1248
6 6746 1248 1547
6 2754 3217 11531
6 740 826 11104
6 5668 1738 5848
6 11920 7701 907
6 11472 6499 12325
6 10938 7666 917
6 12053 4526 1866
6 12054 6297 1817
6 5749 3242 12415
6 10909 11936 1171
6 1171 11936 8830
6 1235 11942 3276
6 4912 1649 12015
6 11974 7899 3281
6 501 7195 11620
6 11959 6758 1257
6 12285 3827 2731
6 5834 4499 1505
6 10610 3258 11655
6 2564 11655 3258
6 3733 352 7358
6 1732 3242 5749
6 11044 11495 256
6 8611 11495 11044
6 11969 896 11521
6 11969 11070 896
6 11942 1304 3276
6 11971 2594 6169
6 8855 11632 11972
6 7926 7361 5046
6 834 1061 3734
6 781 779 7372
6 1182 1781 11983
6 7855 12252 10431
6 11986 3292 10848
6 1006 4522 5849
6 12000 6185 2605
6 10172 364 3306
6 12001 8783 8880
6 1780 11359 7371
6 6265 10655 10992
6 3257 1897 1903
6 7419 3343 780
6 12436 780 3343
6 11935 243 652
6 2738 8836 2005
6 11730 5170 2937
6 11773 1994 2656
6 10168 228 236
6 1859 1802 1862
6 6807 6217 830
6 7766 3328 801
6 7753 11111 7803
6 12023 4665 2235
6 4031 11936 6214
6 12027 3334 10846
6 12027 11332 3334
6 10846 7429 6465
6 6466 7430 10845
6 11577 10547 6571
6 5760 391 6626
6 6626 4791 432
6 1786 8856 10895
6 11633 5626 11620
6 6625 19 4003
6 4284 33 40
6 6733 20 24
6 1172 1165 1176
6 772 7461 3357
6 772 3357 11344
6 1003 1241 5843
6 407 12110 12052
6 12053 4958 924
6 924 6611 12053
6 12054 12109 932
6 7630 11340 932
6 7419 12055 21
6 21 12055 6499
6 7372 22 12056
6 12349 23 33
6 33 23 5591
6 7371 12057 9
6 9 12057 11497
6 6484 5252 1369
6 6198 7475 1518
6 11043 1958 335
6 4522 12465 7513
6 5863 12465 4522
6 3390 363 1754
6 7805 493 6363
6 12442 4454 8138
6 10814 4454 12442
6 1968 6433 12303
6 2915 1920 4854
6 7647 2761 5842
6 7647 5845 2761
6 11774 7429 7404
6 343 11959 5615
6 12436 5556 3453
6 5556 3428 3453
6 3867 3430 841
6 6566 2937 5732
6 10920 1891 5788
6 1845 1821 1182
6 1235 7222 11942
6 2272 7551 798
6 2272 798 11499
6 7278 1166 11802
6 3462 5858 1286
6 8142 3462 1286
6 3669 10399 392
6 4586 590 600
6 11496 6424 8611
6 8617 8614 11476
6 11471 7793 1896
6 2731 12202 10935
6 12203 3809 6240
6 12203 8128 3809
6 4977 5129 2915
6 11972 829 8855
6 11311 829 6217
6 7222 56 1217
6 11070 11850 3042
6 45 6482 634
6 7878 354 413
6 5513 6237 346
6 12350 12349 3292
6 7439 3733 7358
6 6729 7510 15
6 1821 1795 6217
6 7775 6745 11198
6 7636 5424 2230
6 5718 4665 12023
6 1171 6295 871
6 871 12052 1171
6 11765 6821 7278
6 6202 12250 1176
6 10571 1176 12250
6 366 4028 6227
6 2240 2253 7803
6 6454 2543 10871
6 3785 11034 11454
6 7984 3787 7586
6 2824 6571 2869
6 2824 2869 11576
6 8719 8868 8820
6 1934 1611 3809
6 56 11335 5059
6 12285 3447 3827
6 1783 4802 6784
6 2313 10168 1927
6 11629 7276 2612
6 2478 12318 1004
6 7782 7805 6363
6 6566 7582 7544
6 10422 8641 11332
6 10421 12029 8639
6 358 357 11617
6 6571 11 11084
6 4646 11028 2978
6 353 1936 4501
6 1970 6433 1968
6 5718 2770 4665
6 2241 10255 2235
6 10255 12023 2235
6 3809 8128 1934
6 1372 8012 1366
6 7273 1307 1434
6 2240 11908 11031
6 10571 11499 10755
6 11325 7566 519
6 6454 10871 4329
6 12318 7573 10344
6 2864 2612 1877
6 1877 1903 7336
6 40 4959 3453
6 40 5069 4959
6 11935 3242 10841
6 1667 7927 3892
6 3893 7167 8557
6 6363 11306 7793
6 3892 7163 7805
6 11306 7928 3893
6 349 343 472
6 2362 10373 2400
6 2791 7864 3429
6 226 5062 7525
6 6167 11466 231
6 3909 12325 11473
6 5170 3257 10503
6 10133 6625 11322
6 10137 11325 7565
6 10138 7566 11325
6 7564 10135 11323
6 11323 3918 10137
6 8723 10632 12406
6 11476 8614 1304
6 7465 1158 1515
6 7465 11663 1158
6 6243 1217 634
6 1889 5760 4644
6 3682 11496 8617
6 11021 10421 11346
6 11372 10340 3975
6 10341 3975 11371
6 11373 10341 5398
6 10340 7775 11363
6 11959 1257 5615
6 1006 5849 954
6 2989 832 5247
6 832 684 5247
6 8855 11311 10894
6 8856 11310 10895
6 12350 5537 12349
6 8880 11042 11014
6 5863 12105 6812
6 4440 10922 2896
6 11850 7465 1515
6 8830 11936 4031
6 11306 3893 1620
6 3892 7927 7163
6 7163 4281 7928
6 4281 7929 7168
6 1894 1904 5732
6 2274 10893 7969
6 4294 1061 994
6 2302 637 1970
6 4334 10544 10236
6 4668 5651 10874
6 2979 684 11026
6 2979 11026 6514
6 6329 11920 7766
6 11620 5626 501
6 5626 5843 501
6 5670 20 10811
6 8137 2517 4453
6 4453 2517 10816
6 8138 4454 2518
6 4454 6735 2518
6 7566 1548 6745
6 3357 2544 10873
6 11344 3357 11345
6 10845 1507 3335
6 6466 10872 215
6 6466 215 7430
6 4635 6213 20
6 1912 366 1920
6 6227 1920 366
6 3469 5855 1009
6 4340 10922 11048
6 1649 4340 10923
6 12015 10923 11049
6 1912 7275 1921
6 6202 1177 12250
6 1165 1172 4031
6 2564 3258 10944
6 1480 8731 1947
6 1480 7195 7196
6 6384 613 1007
6 24 5843 6733
6 3258 2449 10631
6 10631 10944 3258
6 907 3328 7766
6 7513 6291 12056
6 12001 10848 340
6 10723 2561 10928
6 7899 10924 11047
6 834 10926 7439
6 62 12436 760
6 2241 12431 826
6 1061 5817 994
6 2447 4432 10600
6 1421 11527 1369
6 613 653 12415
6 8880 8783 11042
6 11014 11042 331
6 11935 1007 3242
6 12431 11775 826
6 10686 1176 10755
6 10600 4432 8142
6 2864 11629 2612
6 4978 6339 375
6 244 5749 12415
6 11560 349 783
6 7466 39 28
6 357 358 1939
6 8134 5671 10815
6 8136 4453 10816
6 8137 5670 10811
6 10815 8137 4453
6 8136 500 4454
6 734 7210 430
6 5062 6711 7525
6 3242 1007 12415
6 601 7361 7926
6 11579 231 11466
6 11367 8819 11578
6 418 7484 2652
6 652 968 11935
6 1247 2749 11198
6 11198 2749 11474
6 6253 13 6748
6 2791 12109 12054
6 11458 0 3784
6 1821 6217 6807
6 1945 4501 1936
6 6240 12028 3883
6 361 357 1934
6 361 1934 8128
6 11474 2749 3909
6 5760 6626 4332
6 5062 225 3882
6 12463 5848 4521
6 4521 7512 12464
6 5858 4521 12464
6 12055 152 6499
6 11031 11908 3772
6 6296 4526 1862
6 4527 1813 6297
6 12054 4527 6297
6 392 10399 4716
6 2778 11459 7194
6 829 11311 8855
6 7419 21 892
6 4329 10871 12406
6 3882 10872 2543
6 11472 6625 4003
6 7 11453 11346
6 2437 10655 7713
6 2236 10910 4544
6 4544 11972 10493
6 1307 10576 11330
6 11331 2944 2684
6 953 8138 5668
6 954 5670 8137
6 400 5062 4677
6 12202 1933 10935
6 3827 7544 12202
6 2241 2260 10255
6 239 7145 11370
6 2253 7753 7803
6 1182 1821 1784
6 3328 6654 802
6 2582 6265 245
6 1615 4586 594
6 1821 6807 1784
6 1783 1780 4802
6 5206 10686 798
6 2770 11929 7386
6 1885 10935 1933
6 10196 11632 1790
6 11632 8855 1790
6 3306 6185 1075
6 3306 364 6185
6 6134 11028 2594
6 11971 6134 2594
