1 0 1570 809
1 2314 0 809
1 2950 2314 809
1 2950 809 608
1 2950 608 2403
1 2403 608 124
1 2951 2403 124
1 124 976 2951
1 2951 976 2952
1 976 978 2952
1 947 2952 978
1 2953 947 978
1 1018 2953 978
1 1018 978 639
1 639 652 1018
1 1936 1018 652
1 1936 652 1896
1 1936 1896 1016
1 2954 1936 1016
1 2982 2954 1016
1 2817 2982 1016
1 2817 1016 975
1 2955 2817 975
1 2955 975 979
1 2955 979 905
1 905 979 2956
1 2956 979 715
1 1015 2956 715
1 737 1015 715
1 715 1133 737
1 737 1133 890
1 1090 737 890
1 1090 890 741
1 741 762 1090
1 762 1792 1090
1 1090 1792 759
1 737 1090 759
1 1012 737 759
1 1012 759 1892
1 1012 1892 938
1 2958 1012 938
1 2958 737 1012
1 1015 737 2958
1 1015 2958 2956
1 938 1892 61
1 1892 1739 61
1 1892 759 1739
1 3115 1739 759
1 759 1792 3115
1 1792 3116 3115
1 762 3116 1792
1 762 1791 3116
1 1791 3117 3116
1 3117 1791 765
1 765 3118 3117
1 767 3118 765
1 767 765 1091
1 746 767 1091
1 1091 744 746
1 746 744 1134
1 1134 1135 746
1 746 1135 1092
1 767 746 1092
1 767 1092 1793
1 767 1793 974
1 3118 767 974
1 1793 3119 974
1 3119 1793 771
1 771 1794 3119
1 1794 3120 3119
1 3120 1794 773
1 1795 3120 773
1 1795 773 1095
1 1795 1095 777
1 777 3121 1795
1 1795 3121 1047
1 1795 1047 3120
1 3122 3121 777
1 777 506 3122
1 506 62 3122
1 1650 62 506
1 1650 506 655
1 1650 655 3159
1 655 755 3159
1 3158 3159 755
1 755 942 3158
1 942 3167 3158
1 739 3167 942
1 942 754 739
1 2747 739 754
1 2747 754 1291
1 2747 1291 79
1 2747 79 739
1 739 79 1772
1 3166 739 1772
1 1772 1661 3166
1 1772 127 1661
1 1206 1661 127
1 780 1206 127
1 1587 780 127
1 1587 127 79
1 1587 79 1771
1 1771 999 1587
1 999 1041 1587
1 1587 1041 3157
1 1587 3157 780
1 3157 265 780
1 1206 780 265
1 3165 1206 265
1 265 1745 3165
1 265 3155 1745
1 3160 1745 3155
1 3155 3156 3160
1 3156 3164 3160
1 3151 3164 3156
1 462 3151 3156
1 462 3156 1582
1 462 1582 3150
1 930 462 3150
1 1270 930 3150
1 1270 3150 1272
1 1272 2098 1270
1 795 1270 2098
1 795 2098 2902
1 795 2902 1265
1 3146 795 1265
1 3146 1265 1264
1 1264 1203 3146
1 1203 1269 3146
1 3147 3146 1269
1 2177 3147 1269
1 3144 2177 1269
1 3144 1269 3143
1 3144 3143 1268
1 3144 1268 3133
1 3133 460 3144
1 2032 3144 460
1 3148 2032 460
1 1621 3148 460
1 3134 1621 460
1 3134 460 3133
1 1448 3134 3133
1 1448 3133 1840
1 1448 1840 3139
1 1448 3139 3140
1 1448 3140 1807
1 1448 1807 3134
1 1648 3134 1807
1 1648 1807 1
1 1 1807 3140
1 3161 3134 1648
1 3134 3161 1621
1 1621 3161 3162
1 3148 1621 3162
1 3148 3162 2901
1 1947 3148 2901
1 1947 2901 3151
1 461 1947 3151
1 462 461 3151
1 3147 461 462
1 3147 462 930
1 3147 930 1270
1 3147 1270 3146
1 3146 1270 795
1 3147 2177 461
1 461 2177 2032
1 3148 461 2032
1 461 3148 1947
1 2177 3144 2032
1 461 3148 1947
1 2901 3163 3151
1 3151 3163 3164
1 461 3148 1947
1 1 1807 3140
1 1448 1807 3134
1 3134 3161 1621
1 3148 1621 3162
1 3148 461 2032
1 2177 3144 2032
1 3134 460 3133
1 3132 3133 1268
1 1268 1761 3132
1 3132 1761 1262
1 3132 1262 1420
1 3132 1420 763
1 1045 3132 763
1 1045 763 1585
1 763 3138 1585
1 763 3131 3138
1 3131 1450 3138
1 844 3138 1450
1 3137 844 1450
1 3137 1450 3130
1 3137 3130 1449
1 1449 3130 3129
1 761 1449 3129
1 1026 761 3129
1 3129 995 1026
1 1026 995 3128
1 3128 761 1026
1 1738 761 3128
1 3128 1597 1738
1 1597 1660 1738
1 1738 1660 3135
1 3136 1738 3135
1 3136 761 1738
1 761 3136 1586
1 1570 3135 1660
1 1570 1660 1537
1 809 1570 1537
1 809 1537 608
1 1537 1660 608
1 1660 617 608
1 124 608 617
1 124 617 616
1 616 976 124
1 616 626 976
1 976 626 978
1 626 1974 978
1 1974 639 978
1 639 1974 1216
1 1216 1266 639
1 652 639 1266
1 652 1266 654
1 652 654 1220
1 1220 1896 652
1 1220 671 1896
1 1016 1896 671
1 1016 671 975
1 671 1630 975
1 1630 693 975
1 979 975 693
1 693 715 979
1 693 1286 715
1 715 1286 1133
1 1286 717 1133
1 1002 1133 717
1 717 1132 1002
1 1002 1132 741
1 1133 1002 741
1 741 890 1133
1 741 1132 1089
1 741 1089 762
1 762 1089 1791
1 1791 1089 765
1 1091 765 1089
1 1089 744 1091
1 1089 1132 744
1 744 1132 719
1 719 1134 744
1 1727 1134 719
1 1287 1727 719
1 1274 1287 719
1 717 1274 719
1 717 719 1132
1 717 697 1274
1 1137 1274 697
1 1137 697 1141
1 675 1137 1141
1 675 1141 1926
1 1220 675 1926
1 1220 1926 671
1 1926 1141 671
1 1141 1630 671
1 1141 693 1630
1 2572 693 1141
1 697 2572 1141
1 697 1286 2572
1 2572 1286 693
1 697 717 1286
1 2572 1286 693
1 1220 1138 675
1 1841 675 1138
1 2025 1841 1138
1 658 2025 1138
1 1138 1140 658
1 705 658 1140
1 705 1140 956
1 705 956 2189
1 2189 1219 705
1 1219 1784 705
1 705 1784 957
1 705 957 658
1 658 957 1221
1 658 1221 2025
1 678 2025 1221
1 1990 678 1221
1 682 1990 1221
1 683 682 1221
1 1221 957 683
1 663 683 957
1 663 957 1784
1 663 1784 1219
1 1834 663 1219
1 473 1834 1219
1 473 1219 646
1 473 646 996
1 473 996 1263
1 3145 473 1263
1 1263 1814 3145
1 3145 1814 1264
1 1264 1265 3145
1 3145 1265 997
1 3145 997 473
1 473 997 1834
1 1834 997 663
1 997 3149 663
1 3149 1668 663
1 1668 1953 663
1 1953 683 663
1 1222 683 1953
1 1222 1953 998
1 1222 998 707
1 1143 1222 707
1 1143 707 706
1 703 1143 706
1 706 1289 703
1 703 1289 722
1 703 722 1287
1 703 1287 1142
1 682 703 1142
1 682 1142 1990
1 1142 678 1990
1 678 1142 701
1 678 701 1137
1 678 1137 1841
1 678 1841 2025
1 1841 1137 675
1 701 1274 1137
1 701 1287 1274
1 1142 1287 701
1 1142 1287 701
1 703 682 1143
1 682 1222 1143
1 682 683 1222
1 1142 1287 701
1 722 1727 1287
1 722 1134 1727
1 1134 722 1135
1 1289 1135 722
1 724 1135 1289
1 706 724 1289
1 706 1290 724
1 724 1290 1136
1 748 724 1136
1 748 1136 1642
1 748 1642 1093
1 1092 748 1093
1 771 1092 1093
1 771 1093 1794
1 773 1794 1093
1 1093 1117 773
1 1117 1095 773
1 751 1095 1117
1 1093 751 1117
1 1642 751 1093
1 1136 751 1642
1 751 1136 727
1 727 1139 751
1 1139 753 751
1 1095 751 753
1 1095 753 777
1 777 753 1094
1 777 1094 506
1 655 506 1094
1 755 655 1094
1 1094 753 755
1 755 753 754
1 754 942 755
1 754 753 1139
1 1291 754 1139
1 727 1291 1139
1 727 728 1291
1 1291 728 1771
1 1291 1771 79
1 999 1771 728
1 728 1223 999
1 999 1223 474
1 999 474 1041
1 1271 1041 474
1 1271 474 1167
1 3153 1271 1167
1 3153 1167 3152
1 2902 3153 3152
1 2902 3152 1668
1 2902 1668 3149
1 1265 2902 3149
1 997 1265 3149
1 3152 1953 1668
1 3152 998 1953
1 1167 998 3152
1 998 1167 474
1 998 474 1809
1 1809 707 998
1 1223 707 1809
1 1223 1809 474
1 706 707 1223
1 706 1223 1290
1 1223 728 1290
1 727 1290 728
1 1290 727 1136
1 1223 1809 474
1 2902 1272 3153
1 3153 1272 2195
1 3153 2195 1271
1 3154 1271 2195
1 2195 3150 3154
1 3150 1582 3154
1 1582 2619 3154
1 2619 1170 3154
1 3157 3154 1170
1 3157 1170 265
1 2619 265 1170
1 3155 265 2619
1 1582 3155 2619
1 3155 1582 3156
1 1271 3154 3157
1 1271 3157 1041
1 2619 265 1170
1 1582 3155 2619
1 1272 3150 2195
1 1271 3154 3157
1 1272 3150 2195
1 1272 2902 2098
1 1167 998 3152
1 3153 2195 1271
1 998 1167 474
1 1271 3157 1041
1 1223 1809 474
1 1223 728 1290
1 727 1290 728
1 1094 753 755
1 754 753 1139
1 727 1291 1139
1 1290 727 1136
1 1095 751 753
1 1093 751 1117
1 1793 1092 771
1 748 1092 1135
1 724 748 1135
1 1642 751 1093
1 1136 751 1642
1 724 748 1135
1 1290 727 1136
1 706 1223 1290
1 724 748 1135
1 1289 1135 722
1 706 724 1289
1 703 682 1143
1 706 707 1223
1 682 1222 1143
1 1809 707 998
1 3152 998 1953
1 682 683 1222
1 3152 1953 1668
1 2902 1668 3149
1 997 1265 3149
1 997 1265 3149
1 1814 3142 1264
1 3142 1262 1264
1 1262 3143 1264
1 1264 3143 1203
1 3143 1269 1203
1 1761 3143 1262
1 1268 3143 1761
1 1262 3142 3131
1 1420 1262 3131
1 1420 3131 763
1 3131 3142 1261
1 3131 1261 1481
1 1481 1450 3131
1 1481 3130 1450
1 1261 3130 1481
1 3130 1261 3141
1 3130 3141 1260
1 3130 1260 3129
1 3129 1260 995
1 1260 470 995
1 470 631 995
1 631 1215 995
1 995 1215 3128
1 3128 1215 617
1 3128 617 1597
1 1597 617 1660
1 617 1215 616
1 1214 616 1215
1 1214 1215 631
1 630 1214 631
1 630 631 1217
1 1217 1581 630
1 630 1581 956
1 630 956 642
1 630 642 1216
1 630 1216 1214
1 1214 1216 626
1 616 1214 626
1 1974 626 1216
1 642 1266 1216
1 1266 642 1905
1 1266 1905 654
1 1905 1140 654
1 1138 654 1140
1 654 1138 1220
1 642 1140 1905
1 642 956 1140
1 642 1140 1905
1 642 956 1140
1 646 956 1581
1 1217 646 1581
1 1833 646 1217
1 1217 470 1833
1 470 996 1833
1 996 646 1833
1 470 3141 996
1 3141 1263 996
1 3141 1261 1263
1 1261 3142 1263
1 1263 3142 1814
1 1260 3141 470
1 470 1217 631
1 996 646 1833
1 646 2189 956
1 1219 2189 646
1 1217 646 1581
1 470 1217 631
1 630 1216 1214
1 616 1214 626
1 1214 1215 631
1 470 1217 631
1 1260 3141 470
1 1260 3141 470
1 3141 1261 1263
1 1261 3130 1481
1 1261 3142 1263
1 1263 3142 1814
1 1263 3142 1814
1 3145 997 473
1 3141 1263 996
1 996 646 1833
1 1219 2189 646
1 473 997 1834
1 1834 997 663
1 1953 683 663
1 682 683 1222
1 682 1142 1990
1 1142 678 1990
1 678 1841 2025
1 1221 957 683
1 663 957 1784
1 663 1784 1219
1 1219 2189 646
1 646 2189 956
1 642 956 1140
1 705 957 658
1 1138 654 1140
1 658 1221 2025
1 678 1841 2025
1 1841 1137 675
1 654 1138 1220
1 1926 1141 671
1 1841 1137 675
1 697 2572 1141
1 701 1274 1137
1 697 717 1286
1 701 1287 1274
1 722 1727 1287
1 722 1134 1727
1 717 719 1132
1 1089 1132 744
1 717 719 1132
1 1133 1002 741
1 697 717 1286
1 2572 1286 693
1 1141 693 1630
1 1141 1630 671
1 1220 1926 671
1 654 1138 1220
1 1266 1905 654
1 642 1266 1216
1 1974 626 1216
1 1974 626 1216
1 616 1214 626
1 617 1215 616
1 1597 617 1660
1 1537 1660 608
1 1597 617 1660
1 3128 617 1597
1 3136 761 1738
1 995 1215 3128
1 3129 1260 995
1 3128 761 1026
1 3130 1260 3129
1 1481 3130 1450
1 1481 1450 3131
1 1420 3131 763
1 1420 3131 763
1 1420 1262 3131
1 1761 3143 1262
1 1268 3143 1761
1 1268 3143 1761
1 3143 1269 1203
1 2177 3144 2032
1 3147 2177 461
1 3147 1270 3146
1 3143 1269 1203
1 1264 3143 1203
1 1264 1265 3145
1 3146 1270 795
1 1265 2902 3149
1 1272 2902 2098
1 3146 1270 795
1 1272 2902 2098
1 1272 3150 2195
1 3147 930 1270
1 3147 462 930
1 3150 1582 3154
1 3155 1582 3156
1 462 461 3151
1 3151 3163 3164
1 3155 1582 3156
1 3155 265 2619
1 3165 1661 1206
1 3157 1170 265
1 1271 3157 1041
1 999 474 1041
1 999 1771 728
1 1291 1771 79
1 127 1772 79
1 1587 3157 780
1 1206 780 265
1 3165 1661 1206
1 127 1772 79
1 739 3166 3167
1 127 1772 79
1 1291 1771 79
1 1291 754 1139
1 2747 79 739
1 754 942 755
1 739 3166 3167
1 754 942 755
1 755 655 1094
1 655 506 1094
1 777 1094 506
1 1095 753 777
1 1117 1095 773
1 1795 1047 3120
1 773 1794 1093
1 771 1093 1794
1 1793 1092 771
1 1793 1092 771
1 748 1092 1135
1 1134 722 1135
1 719 1134 744
1 1089 744 1091
1 767 746 1092
1 1091 765 1089
1 3118 767 974
1 1791 1089 765
1 762 1089 1791
1 1892 759 1739
1 2958 737 1012
1 759 1792 3115
1 762 3116 1792
1 741 1089 762
1 741 890 1133
1 737 1090 759
1 741 890 1133
1 715 1286 1133
1 1015 737 2958
1 1015 2958 2956
1 693 715 979
1 979 975 693
1 1016 671 975
1 2954 1018 1936
1 2953 1018 2954
1 1016 1896 671
1 1220 1896 652
1 2954 1018 1936
1 652 639 1266
1 1974 639 978
1 2953 1018 2954
1 976 626 978
1 616 976 124
1 124 608 617
1 809 1537 608
1 809 1570 1537
2 6 30 4
2 6 4 2818
2 2909 6 2818
2 2909 2818 2920
2 2920 2618 2909
2 2909 2618 3010
2 3010 2660 2909
2 2660 13 2909
2 2909 13 9
2 2909 9 6
2 30 6 9
2 13 30 9
2 13 17 30
2 30 17 21
2 30 21 25
2 30 25 28
2 30 28 34
2 30 34 38
2 30 38 42
2 30 42 45
2 30 45 49
2 30 49 53
2 30 53 57
2 30 57 59
2 30 59 55
2 55 51 30
2 51 47 30
2 43 30 47
2 43 47 1527
2 2542 43 1527
2 1527 2528 2542
2 2542 2528 3204
2 3204 40 2542
2 2542 40 43
2 40 30 43
2 40 36 30
2 36 32 30
2 30 32 23
2 30 23 19
2 19 15 30
2 15 11 30
2 7 30 11
2 2571 7 11
2 2324 2571 11
2 2324 11 3189
2 1591 2324 3189
2 1591 3189 2624
2 2624 2665 1591
2 1591 2665 883
2 883 2571 1591
2 1591 2571 2324
2 883 2475 2571
2 2571 2475 4
2 7 2571 4
2 7 4 30
2 2818 4 2475
2 2920 2818 2475
2 2920 2475 1122
2 2920 1122 2210
2 2911 2920 2210
2 2210 2760 2911
2 3006 2911 2760
2 3006 2760 3126
2 3006 3126 3003
2 2998 3006 3003
2 1020 2998 3003
2 1020 3003 1022
2 1020 1022 1024
2 1019 1020 1024
2 1019 1024 1204
2 1204 2997 1019
2 1019 2997 2998
2 1020 1019 2998
2 3010 2998 2997
2 1731 3010 2997
2 1731 2997 25
2 1731 25 21
2 1731 21 17
2 13 1731 17
2 2660 1731 13
2 3010 1731 2660
2 28 25 2997
2 28 2997 1199
2 1199 34 28
2 1199 2083 34
2 34 2083 1629
2 38 34 1629
2 38 1629 42
2 1629 1935 42
2 1935 2962 42
2 2962 45 42
2 45 2962 49
2 2962 465 49
2 465 53 49
2 3031 53 465
2 3029 3031 465
2 3029 465 2794
2 3029 2794 1859
2 1859 2687 3029
2 3029 2687 3046
2 3045 3029 3046
2 3046 1501 3045
2 1501 1498 3045
2 59 3045 1498
2 1498 55 59
2 55 1498 51
2 1498 47 51
2 1527 47 1498
2 1498 1485 1527
2 1485 2528 1527
2 2528 1485 2988
2 2528 2988 3204
2 2988 1886 3204
2 3204 1886 2891
2 3204 2891 2877
2 3204 2877 3195
2 3195 40 3204
2 36 40 3195
2 3195 32 36
2 3195 407 32
2 32 407 23
2 407 2150 23
2 2150 3189 23
2 19 23 3189
2 15 19 3189
2 3189 11 15
2 2624 3189 2150
2 1923 2624 2150
2 2150 1958 1923
2 2331 1923 1958
2 2331 1958 2828
2 1754 2331 2828
2 2828 2322 1754
2 2322 2455 1754
2 1754 2455 2740
2 2740 3060 1754
2 1754 3060 2331
2 2331 3060 1923
2 3060 2624 1923
2 2336 2624 3060
2 3190 2336 3060
2 3060 2740 3190
2 2740 2361 3190
2 3190 2361 2629
2 1555 3190 2629
2 2629 1477 1555
2 1477 1984 1555
2 1984 2665 1555
2 2336 1555 2665
2 2336 2665 2624
2 3190 1555 2336
2 883 2665 1984
2 1984 1122 883
2 883 1122 2475
2 1984 2394 1122
2 2210 1122 2394
2 3017 2210 2394
2 2224 3017 2394
2 2224 2394 1477
2 2724 2224 1477
2 2724 1477 2629
2 2160 2724 2629
2 2629 3192 2160
2 2160 3192 887
2 887 2724 2160
2 887 1124 2724
2 2724 1124 2224
2 1124 3017 2224
2 3017 1124 3018
2 3017 3018 2929
2 2760 3017 2929
2 2929 3126 2760
2 1746 3126 2929
2 2929 3018 1746
2 1746 3018 3019
2 1746 3019 2922
2 1746 2922 2914
2 2864 1746 2914
2 2914 2990 2864
2 2864 2990 3007
2 3007 1746 2864
2 1746 3007 3126
2 3126 3007 3003
2 3003 3007 1022
2 1022 3007 1021
2 1021 1208 1022
2 1022 1208 1024
2 1176 1024 1208
2 1680 1176 1208
2 1208 1180 1680
2 1631 1680 1180
2 2704 1631 1180
2 1961 2704 1180
2 1961 1180 1684
2 1961 1684 1868
2 1961 1868 2978
2 2975 1961 2978
2 2975 2978 2966
2 2966 1288 2975
2 2975 1288 1631
2 2975 1631 2704
2 2975 2704 1961
2 1288 2707 1631
2 1631 2707 1176
2 1680 1631 1176
2 2707 1939 1176
2 1939 1946 1176
2 1024 1176 1946
2 1946 1204 1024
2 1946 2083 1204
2 2745 1204 2083
2 1199 2745 2083
2 2745 1199 2997
2 1204 2745 2997
2 1204 2745 2997
2 1946 1629 2083
2 1935 1629 1946
2 1946 2592 1935
2 1935 2592 2972
2 2972 2962 1935
2 2962 2972 2965
2 465 2962 2965
2 465 2965 2794
2 2794 2965 1859
2 1859 2965 1273
2 1859 1273 2842
2 1859 2842 2515
2 1859 2515 3030
2 1859 3030 2687
2 2687 3030 3046
2 3046 3030 3048
2 2490 3046 3048
2 2490 3048 2449
2 2490 2449 2228
2 1501 2490 2228
2 1501 2228 1485
2 1501 1485 1498
2 2228 845 1485
2 845 2988 1485
2 2522 2988 845
2 2522 845 2734
2 2734 2404 2522
2 2522 2404 2895
2 2522 2895 2988
2 2988 2895 1886
2 1886 2895 2891
2 2895 2322 2891
2 2891 2322 2828
2 2891 2828 1958
2 1958 2877 2891
2 1958 3195 2877
2 3195 1958 407
2 407 1958 2150
2 2895 2404 2322
2 2511 2322 2404
2 2759 2511 2404
2 2881 2759 2404
2 2700 2881 2404
2 2734 2700 2404
2 2734 2556 2700
2 2700 2556 3200
2 2700 3200 2881
2 2881 3200 2711
2 2881 2711 2477
2 2881 2477 2759
2 2437 2759 2477
2 2477 2136 2437
2 2437 2136 3072
2 2740 2437 3072
2 2740 3072 2361
2 2361 3072 2496
2 2361 2496 2629
2 2496 3192 2629
2 2496 3072 3192
2 2267 3192 3072
2 3072 2136 2267
2 1309 2267 2136
2 2711 1309 2136
2 2711 2136 2477
2 2163 1309 2711
2 2163 2711 3200
2 2725 2163 3200
2 2725 3200 2523
2 2725 2523 1928
2 1928 1311 2725
2 2725 1311 1955
2 2725 1955 2163
2 1955 1309 2163
2 3061 1309 1955
2 3061 1955 2883
2 2883 2445 3061
2 2267 3061 2445
2 3192 2267 2445
2 3192 2445 887
2 2789 887 2445
2 2445 1559 2789
2 1559 1617 2789
2 1617 1155 2789
2 2789 1155 887
2 887 1155 1124
2 1124 1155 3018
2 3019 3018 1155
2 3019 1155 1872
2 3015 3019 1872
2 3015 1872 3058
2 3058 3020 3015
2 2923 3015 3020
2 2912 2923 3020
2 3020 2924 2912
2 3125 2912 2924
2 3125 2924 2925
2 3125 2925 2916
2 2916 3009 3125
2 2992 3125 3009
2 1032 2992 3009
2 1033 1032 3009
2 1033 3009 2996
2 1033 2996 3000
2 3000 1226 1033
2 1226 1189 1033
2 1033 1189 1218
2 1032 1033 1218
2 1218 1213 1032
2 1032 1213 2495
2 2999 1032 2495
2 2999 2495 1028
2 3005 2999 1028
2 1027 3005 1028
2 1027 1028 1689
2 1027 1689 1212
2 1025 1027 1212
2 1025 1212 1021
2 2990 1025 1021
2 1021 3007 2990
2 1025 2990 2991
2 1025 2991 1027
2 3005 1027 2991
2 3005 2991 3008
2 3012 3005 3008
2 2912 3012 3008
2 2912 3008 2915
2 2923 2912 2915
2 2915 2922 2923
2 3015 2923 2922
2 2922 3019 3015
2 2914 2922 2915
2 2915 2991 2914
2 2990 2914 2991
2 2991 2915 3008
2 2991 2915 3008
2 2912 3125 3012
2 2992 3012 3125
2 2992 2999 3012
2 2999 3005 3012
2 2992 1032 2999
2 2999 3005 3012
2 2991 2915 3008
2 2990 2914 2991
2 1021 1212 2175
2 1021 2175 1208
2 2175 1180 1208
2 1212 1180 2175
2 1212 1684 1180
2 1689 1684 1212
2 1684 1689 1868
2 1868 1689 2851
2 2851 2816 1868
2 2977 1868 2816
2 2977 2816 1282
2 2967 2977 1282
2 2873 2967 1282
2 2979 2873 1282
2 1906 2979 1282
2 2113 1906 1282
2 2816 2113 1282
2 2851 2113 2816
2 2851 1213 2113
2 1213 1722 2113
2 1722 1906 2113
2 1725 1906 1722
2 1189 1725 1722
2 1722 1218 1189
2 1218 1722 1213
2 1725 1189 2132
2 2980 1725 2132
2 2980 2132 2015
2 2015 2560 2980
2 2878 2980 2560
2 2874 2878 2560
2 2574 2874 2560
2 550 2574 2560
2 550 2560 2971
2 550 2971 455
2 550 455 3041
2 550 3041 3040
2 550 3040 2574
2 2574 3040 3039
2 2574 3039 2874
2 3039 1337 2874
2 1337 2979 2874
2 2874 2979 2878
2 1725 2878 2979
2 2979 1906 1725
2 1725 2980 2878
2 2873 2979 1337
2 3039 2873 1337
2 482 2873 3039
2 3039 3038 482
2 482 3038 3037
2 2815 482 3037
2 2444 2815 3037
2 3050 2444 3037
2 3037 3051 3050
2 3050 3051 1775
2 3050 1775 2008
2 3050 2008 1805
2 3050 1805 3036
2 3050 3036 2444
2 3036 452 2444
2 452 2298 2444
2 2298 2815 2444
2 2298 2970 2815
2 2815 2970 2238
2 2815 2238 2967
2 2967 482 2815
2 482 2967 2873
2 2238 2977 2967
2 2970 2977 2238
2 2049 2977 2970
2 2978 2049 2970
2 2721 2978 2970
2 2721 2970 452
2 2046 2721 452
2 2046 452 3035
2 3035 2576 2046
2 2966 2046 2576
2 2576 2369 2966
2 2966 2369 1288
2 2369 2964 1288
2 2707 1288 2964
2 1939 2707 2964
2 1939 2964 2842
2 1939 2842 1273
2 2592 1939 1273
2 2592 1273 2972
2 2972 1273 2965
2 1946 1939 2592
2 2842 2964 2515
2 2515 2964 459
2 2515 459 3030
2 3030 459 3034
2 3034 3048 3030
2 3034 3044 3048
2 2449 3048 3044
2 2244 2449 3044
2 3044 1767 2244
2 2253 2244 1767
2 2253 1767 1508
2 2567 2253 1508
2 2583 2567 1508
2 1509 2583 1508
2 2435 1509 1508
2 1508 1767 2435
2 1767 2651 2435
2 1805 2435 2651
2 2871 1805 2651
2 3035 2871 2651
2 3035 2651 3049
2 3035 3049 2806
2 3035 2806 2576
2 2806 459 2576
2 459 2369 2576
2 459 2964 2369
2 459 2806 3034
2 2806 3049 3034
2 3044 3034 3049
2 3044 3049 1767
2 2651 1767 3049
2 2806 3049 3034
2 2651 1767 3049
2 452 2871 3035
2 452 3036 2871
2 3036 1805 2871
2 3036 1805 2871
2 1805 1880 2435
2 1509 2435 1880
2 1509 1880 2346
2 1510 1509 2346
2 2346 2357 1510
2 2357 1511 1510
2 2615 1510 1511
2 2615 1511 2620
2 2615 2620 3198
2 3198 2605 2615
2 2615 2605 1510
2 2605 1509 1510
2 2597 1509 2605
2 3197 2597 2605
2 3198 3197 2605
2 2728 3197 3198
2 2426 2728 3198
2 3196 2426 3198
2 3196 3198 2569
2 3196 2569 3206
2 3199 3196 3206
2 3206 2465 3199
2 2691 3199 2465
2 2691 2465 3207
2 2691 3207 2551
2 2738 2691 2551
2 2738 2551 2575
2 2738 2575 1324
2 1324 1322 2738
2 1322 2735 2738
2 2738 2735 2691
2 2691 2735 3199
2 3199 2735 2733
2 2733 3196 3199
2 2829 3196 2733
2 2829 2733 2252
2 1318 2829 2252
2 3065 1318 2252
2 2252 3066 3065
2 3065 3066 3191
2 3191 2698 3065
2 3065 2698 2205
2 1318 3065 2205
2 2504 1318 2205
2 1317 2504 2205
2 2191 1317 2205
2 2205 3169 2191
2 2191 3169 2758
2 3064 2191 2758
2 2758 3188 3064
2 3063 3064 3188
2 3063 3188 2493
2 3063 2493 2517
2 1314 3063 2517
2 2869 1314 2517
2 2869 2517 3062
2 2382 2869 3062
2 2300 2382 3062
2 1560 2300 3062
2 1560 3062 2493
2 1560 2493 3188
2 3188 2122 1560
2 1560 2122 893
2 893 2002 1560
2 2002 2300 1560
2 2002 1617 2300
2 2300 1617 1559
2 2300 1559 2382
2 1559 2883 2382
2 2883 1311 2382
2 1311 2524 2382
2 2524 2869 2382
2 2480 2869 2524
2 2480 2524 1311
2 2480 1311 1928
2 2726 2480 1928
2 3202 2726 1928
2 1928 2523 3202
2 3202 2523 2583
2 3202 2583 2597
2 3202 2597 3197
2 1968 3202 3197
2 2728 1968 3197
2 2728 1314 1968
2 1314 2726 1968
2 1968 2726 3202
2 2726 1314 2869
2 2726 2869 2480
2 2381 1314 2728
2 1317 2381 2728
2 1317 2728 2426
2 2504 1317 2426
2 1318 2504 2426
2 1318 2426 3196
2 1318 3196 2829
2 3064 2381 1317
2 2191 3064 1317
2 3064 3063 2381
2 3063 1314 2381
2 3063 1314 2381
2 1968 2726 3202
2 2597 2583 1509
2 2583 2523 2567
2 2523 3200 2567
2 3200 2556 2567
2 1506 2567 2556
2 2556 1522 1506
2 1506 1522 2449
2 2244 1506 2449
2 2253 1506 2244
2 2253 2567 1506
2 1522 2228 2449
2 845 2228 1522
2 845 1522 2734
2 1522 2556 2734
2 1522 2556 2734
2 2253 2567 1506
2 1968 2726 3202
2 2726 2869 2480
2 2726 2869 2480
2 2480 2524 1311
2 2883 1955 1311
2 2883 1559 2445
2 2002 3058 1617
2 3058 1872 1617
2 1155 1617 1872
2 893 3058 2002
2 3058 893 1145
2 3058 1145 3020
2 3016 3020 1145
2 3016 1145 1156
2 3016 1156 2661
2 3016 2661 2668
2 3016 2668 2720
2 2925 3016 2720
2 2925 2720 3021
2 3021 2913 2925
2 2913 2916 2925
2 2996 2916 2913
2 2913 2917 2996
2 2996 2917 2791
2 2996 2791 3000
2 3000 2791 2994
2 3000 2994 1035
2 3000 1035 1226
2 1712 1226 1035
2 1036 1712 1035
2 1036 1035 2994
2 2994 2993 1036
2 2993 1038 1036
2 1036 1038 1654
2 1712 1036 1654
2 1654 3073 1712
2 3073 1671 1712
2 1671 1705 1712
2 1226 1712 1705
2 1189 1226 1705
2 1705 2132 1189
2 1671 2132 1705
2 2015 2132 1671
2 2015 1671 2028
2 2028 2971 2015
2 2015 2971 2560
2 2984 2971 2028
2 1891 2984 2028
2 2028 3073 1891
2 3074 1891 3073
2 3073 1654 3074
2 1867 3074 1654
2 1038 1867 1654
2 1038 1719 1867
2 1719 1933 1867
2 1933 3074 1867
2 1933 2212 3074
2 1891 3074 2212
2 2985 1891 2212
2 2985 2212 1893
2 2985 1893 2417
2 2985 2417 2239
2 2020 2985 2239
2 492 2020 2239
2 492 2239 1364
2 492 1364 3043
2 3043 2362 492
2 2672 492 2362
2 1962 2672 2362
2 2362 3055 1962
2 1962 3055 3042
2 3042 2672 1962
2 455 2672 3042
2 455 3042 3041
2 3054 3041 3042
2 2751 3054 3042
2 3055 2751 3042
2 3055 2443 2751
2 2751 2443 2716
2 2751 2716 1817
2 1817 3054 2751
2 1781 3054 1817
2 1817 1514 1781
2 1781 1514 2378
2 2378 1779 1781
2 1781 1779 3053
2 3053 2679 1781
2 2679 3054 1781
2 3041 3054 2679
2 2679 3040 3041
2 3053 3040 2679
2 3053 3039 3040
2 3052 3039 3053
2 1779 3052 3053
2 1779 1894 3052
2 1894 3051 3052
2 3051 3038 3052
2 3039 3052 3038
2 3037 3038 3051
2 1775 3051 1894
2 1894 2357 1775
2 1775 2357 2346
2 2008 1775 2346
2 2346 1805 2008
2 1805 2346 1880
2 1779 2357 1894
2 2357 1779 2370
2 2357 2370 1511
2 2370 1513 1511
2 2620 1511 1513
2 2621 2620 1513
2 2621 1513 2850
2 2621 2850 1514
2 2631 2621 1514
2 2843 2631 1514
2 2843 1514 2376
2 2636 2843 2376
2 2636 2376 1517
2 1517 2637 2636
2 2637 3205 2636
2 2636 3205 2551
2 2636 2551 3207
2 3207 2843 2636
2 3207 2631 2843
2 2631 3207 2465
2 2631 2465 3206
2 2631 3206 2621
2 3206 2620 2621
2 3206 2569 2620
2 2569 3198 2620
2 2551 3205 2886
2 2575 2551 2886
2 2575 2886 1324
2 1326 1324 2886
2 1326 2886 2203
2 1326 2203 1327
2 1327 3069 1326
2 2729 1326 3069
2 3069 3070 2729
2 2729 3070 3170
2 3068 2729 3170
2 2250 3068 3170
2 2810 2250 3170
2 3170 2506 2810
2 2506 3028 2810
2 3028 2634 2810
2 2634 2681 2810
2 2681 1572 2810
2 2810 1572 2250
2 3127 2250 1572
2 1572 3067 3127
2 2784 3127 3067
2 1322 2784 3067
2 1319 1322 3067
2 1319 3067 3066
2 3066 2252 1319
2 2252 2733 1319
2 2735 1319 2733
2 2735 1322 1319
2 3067 2411 3066
2 2411 3191 3066
2 3191 2411 1159
2 1159 1158 3191
2 1158 2077 3191
2 2698 3191 2077
2 2698 2077 3169
2 2698 3169 2205
2 3169 2077 2562
2 3169 2562 1562
2 1562 2758 3169
2 1562 2122 2758
2 2122 3188 2758
2 2429 2122 1562
2 1156 2429 1562
2 1562 2562 1156
2 2562 2077 1156
2 2077 2661 1156
2 2077 1158 2661
2 2668 2661 1158
2 1158 1147 2668
2 2668 1147 3021
2 2720 2668 3021
2 3021 1147 3026
2 3021 3026 2926
2 3021 2926 2913
2 2917 2913 2926
2 2917 2926 2927
2 2928 2917 2927
2 3022 2928 2927
2 3022 2927 2926
2 2926 3026 3022
2 3022 3026 3057
2 3022 3057 3059
2 3059 3023 3022
2 2928 3022 3023
2 3023 1749 2928
2 1749 2918 2928
2 2917 2928 2918
2 2917 2918 2994
2 2791 2917 2994
2 2918 2993 2994
2 2936 2993 2918
2 2936 2918 1749
2 1749 2838 2936
2 2838 1750 2936
2 2768 2936 1750
2 3011 2768 1750
2 3011 1750 2937
2 2111 3011 2937
2 2934 2111 2937
2 2910 2934 2937
2 2937 3024 2910
2 10 2910 3024
2 10 3024 5
2 10 5 31
2 10 31 14
2 10 14 2910
2 2910 14 2934
2 2934 14 18
2 3004 2934 18
2 3004 18 22
2 3002 3004 22
2 26 3002 22
2 26 22 31
2 26 31 29
2 26 29 2349
2 3002 26 2349
2 3002 2349 2863
2 3002 2863 2236
2 3004 3002 2236
2 2236 2111 3004
2 3004 2111 2934
2 3001 2111 2236
2 2236 2039 3001
2 2039 1039 3001
2 3001 1039 2387
2 3011 3001 2387
2 3011 2387 2995
2 2995 2768 3011
2 2995 2936 2768
2 2936 2995 1882
2 2936 1882 2993
2 2993 1882 1038
2 1882 2995 1038
2 2995 2518 1038
2 1719 1038 2518
2 1719 2518 2876
2 1719 2876 2723
2 1719 2723 2153
2 1719 2153 1893
2 1933 1719 1893
2 1933 1893 2212
2 2417 1893 2153
2 2417 2153 2196
2 2151 2417 2196
2 2963 2151 2196
2 2963 2196 2278
2 2963 2278 2061
2 2626 2963 2061
2 2061 39 2626
2 39 46 2626
2 2626 46 2399
2 2963 2626 2399
2 2963 2399 2969
2 2151 2963 2969
2 2151 2969 2051
2 2417 2151 2051
2 2417 2051 2239
2 2239 2051 1364
2 2051 2969 1364
2 1364 2969 2559
2 2559 3032 1364
2 1364 3032 3043
2 3032 3193 3043
2 3193 3056 3043
2 2362 3043 3056
2 2362 3056 1954
2 2362 1954 3055
2 1954 2610 3055
2 2610 2443 3055
2 2610 2748 2443
2 2443 2748 1517
2 2443 1517 2716
2 2716 1517 2376
2 1817 2716 2376
2 1817 2376 1514
2 2637 1517 2748
2 2637 2748 1521
2 2640 2637 1521
2 2640 1521 2642
2 2642 2645 2640
2 2640 2645 3205
2 3205 2637 2640
2 2645 2692 3205
2 3205 2692 2886
2 2692 2203 2886
2 3203 2203 2692
2 2645 3203 2692
2 3203 2645 2598
2 3203 2598 2644
2 2644 1327 3203
2 3203 1327 2203
2 2644 2386 1327
2 2386 3071 1327
2 2820 1327 3071
2 3173 2820 3071
2 3168 3173 3071
2 3168 3071 2718
2 3168 2718 24
2 3168 24 20
2 20 3171 3168
2 3171 2811 3168
2 3168 2811 3173
2 3172 3173 2811
2 886 3172 2811
2 886 2811 2731
2 886 2731 1126
2 886 1126 1128
2 1128 2506 886
2 3172 886 2506
2 3172 2506 3170
2 3172 3170 3070
2 3070 3173 3172
2 3070 3069 3173
2 3173 3069 2820
2 3069 1327 2820
2 1128 3028 2506
2 3025 3028 1128
2 3025 1128 3027
2 1750 3025 3027
2 2937 1750 3027
2 3027 3024 2937
2 3027 1126 3024
2 1126 1125 3024
2 1125 5 3024
2 885 5 1125
2 885 1125 1126
2 2731 885 1126
2 2731 2811 885
2 3171 885 2811
2 885 3171 16
2 16 12 885
2 885 12 8
2 885 8 5
2 5 8 31
2 8 12 31
2 31 12 16
2 16 20 31
2 20 24 31
2 31 24 27
2 31 27 33
2 33 37 31
2 41 31 37
2 41 37 3201
2 3201 2900 41
2 44 41 2900
2 2900 2872 44
2 44 2872 48
2 44 48 31
2 31 41 44
2 31 48 52
2 31 52 56
2 56 60 31
2 31 60 58
2 31 58 54
2 50 31 54
2 433 50 54
2 58 433 54
2 3033 433 58
2 3033 58 60
2 3033 60 2154
2 3047 3033 2154
2 2154 3194 3047
2 3194 3193 3047
2 3032 3047 3193
2 3047 3032 3033
2 3032 433 3033
2 433 3032 2559
2 2559 2969 433
2 433 2969 2399
2 2399 50 433
2 2399 46 50
2 31 50 46
2 31 46 39
2 31 39 35
2 29 31 35
2 1930 29 35
2 1930 35 2669
2 1200 1930 2669
2 1723 1200 2669
2 1723 2669 2061
2 2061 2278 1723
2 2278 2196 1723
2 2196 2476 1723
2 2476 1976 1723
2 1976 1200 1723
2 1976 2039 1200
2 2039 2863 1200
2 2863 1930 1200
2 2863 2349 1930
2 2349 29 1930
2 2863 2039 2236
2 1976 1039 2039
2 2876 1039 1976
2 2876 1976 2476
2 2876 2476 2723
2 2476 2196 2723
2 2196 2153 2723
2 2876 2454 1039
2 2454 2387 1039
2 2518 2387 2454
2 2876 2518 2454
2 2518 2995 2387
2 2876 2518 2454
2 2876 1976 2476
2 2476 2196 2723
2 2061 2669 39
2 35 39 2669
2 1976 1200 1723
2 2863 1930 1200
2 35 39 2669
2 2349 29 1930
2 35 39 2669
2 3194 2408 3193
2 3193 2408 2179
2 2179 3056 3193
2 3056 2179 2610
2 3056 2610 1954
2 2610 2179 1521
2 2610 1521 2748
2 2179 2703 1521
2 2642 1521 2703
2 2642 2703 1504
2 2642 1504 2525
2 2598 2642 2525
2 2525 2900 2598
2 2644 2598 2900
2 2644 2900 3201
2 3201 2386 2644
2 3201 33 2386
2 27 2386 33
2 27 2718 2386
2 2718 3071 2386
2 27 24 2718
2 33 3201 37
2 2900 2525 2872
2 2525 2803 2872
2 2872 2803 48
2 2803 52 48
2 1759 52 2803
2 1759 2803 1504
2 1759 1504 2408
2 3194 1759 2408
2 2154 1759 3194
2 60 1759 2154
2 1759 60 56
2 1759 56 52
2 1504 2703 2408
2 2703 2179 2408
2 2803 2525 1504
2 1759 56 52
2 2803 2525 1504
2 2645 2642 2598
2 2803 2525 1504
2 1504 2703 2408
2 2703 2179 2408
2 2703 2179 2408
2 3194 1759 2408
2 2154 1759 3194
2 3047 3032 3033
2 60 1759 2154
2 3032 433 3033
2 2399 50 433
2 31 50 46
2 58 433 54
2 3033 58 60
2 1759 60 56
2 1759 56 52
2 2803 52 48
2 2872 2803 48
2 2900 2525 2872
2 31 41 44
2 2644 2900 3201
2 33 3201 37
2 31 41 44
2 33 3201 37
2 27 2386 33
2 27 24 2718
2 16 3171 20
2 8 12 31
2 31 12 16
2 16 3171 20
2 885 8 5
2 885 1125 1126
2 1128 1126 3027
2 3025 1750 2838
2 3025 2838 1749
2 3025 1749 2616
2 3028 3025 2616
2 3028 2616 3023
2 3028 3023 2634
2 2634 3023 3059
2 2634 3059 2681
2 904 2681 3059
2 3059 3057 904
2 904 3057 1159
2 904 1159 2411
2 904 2411 1572
2 904 1572 2681
2 1572 2411 3067
2 1147 1159 3057
2 1147 3057 3026
2 1147 1158 1159
2 904 1572 2681
2 2616 1749 3023
2 2616 1749 3023
2 1128 1126 3027
2 3028 3025 2616
2 1128 1126 3027
2 2731 885 1126
2 2731 2811 885
2 3172 886 2506
2 3070 3173 3172
2 3171 885 2811
2 16 3171 20
2 20 24 31
2 27 24 2718
2 2718 3071 2386
2 3168 2811 3173
2 3173 3069 2820
2 3069 1327 2820
2 2718 3071 2386
2 3201 2386 2644
2 2644 2598 2900
2 2645 2642 2598
2 3203 1327 2203
2 2645 3203 2692
2 2645 2642 2598
2 2642 1521 2703
2 3205 2637 2640
2 2610 1521 2748
2 2610 1521 2748
2 3056 2610 1954
2 3056 2610 1954
2 2179 3056 3193
2 3032 3047 3193
2 433 3032 2559
2 2559 2969 433
2 2051 2969 1364
2 433 2969 2399
2 2399 46 50
2 31 46 39
2 2061 2669 39
2 2963 2626 2399
2 2061 2278 1723
2 2278 2196 1723
2 2151 2963 2969
2 2417 2151 2051
2 2196 2153 2723
2 2196 2153 2723
2 2876 2476 2723
2 2876 2518 2454
2 2518 2995 2387
2 1882 2995 1038
2 2518 2995 2387
2 3001 3011 2111
2 2454 2387 1039
2 1976 1039 2039
2 2863 2039 2236
2 3001 3011 2111
2 2863 2039 2236
2 2863 2349 1930
2 2349 29 1930
2 29 31 35
2 22 18 31
2 14 31 18
2 3002 26 2349
2 3004 3002 2236
2 22 18 31
2 3004 2111 2934
2 14 31 18
2 14 31 18
2 5 8 31
2 1125 5 3024
2 10 14 2910
2 3027 3024 2937
2 2910 14 2934
2 3004 2111 2934
2 3001 3011 2111
2 2937 1750 3027
2 2995 2768 3011
2 2995 2936 2768
2 3025 1750 2838
2 3025 2838 1749
2 2936 1882 2993
2 2936 2918 1749
2 2616 1749 3023
2 2634 3023 3059
2 3059 3057 904
2 1147 3057 3026
2 2928 3022 3023
2 2917 2928 2918
2 3022 2927 2926
2 2926 3026 3022
2 1147 3057 3026
2 1147 1158 1159
2 1145 2429 1156
2 1145 893 2429
2 2429 893 2122
2 2429 893 2122
2 1562 2562 1156
2 2562 2077 1156
2 2077 1158 2661
2 1147 1158 1159
2 904 1159 2411
2 1572 2411 3067
2 2735 1322 1319
2 1322 3068 2784
2 3068 3127 2784
2 3127 3068 2250
2 1322 1324 3068
2 3068 1324 2729
2 1324 1326 2729
2 3068 3127 2784
2 1572 2411 3067
2 3127 3068 2250
2 904 1572 2681
2 2634 3059 2681
2 3028 3023 2634
2 1128 3028 2506
2 3172 2506 3170
2 2810 1572 2250
2 3127 3068 2250
2 3068 1324 2729
2 3172 3170 3070
2 3070 3069 3173
2 1324 1326 2729
2 3069 1327 2820
2 3203 1327 2203
2 2692 2203 2886
2 1324 1326 2729
2 3205 2692 2886
2 3205 2637 2640
2 2637 1517 2748
2 2716 1517 2376
2 3207 2843 2636
2 1817 2376 1514
2 3207 2631 2843
2 2631 3206 2621
2 2378 1514 2850
2 2378 2850 1513
2 2378 1513 2370
2 2370 1779 2378
2 2378 2850 1513
2 3206 2620 2621
2 2378 1513 2370
2 2370 1779 2378
2 1779 2357 1894
2 3039 3052 3038
2 3053 3040 2679
2 1779 3052 3053
2 2370 1779 2378
2 2378 1514 2850
2 1817 2376 1514
2 2679 3054 1781
2 1817 2716 2376
2 2443 1517 2716
2 2610 2443 3055
2 1817 3054 2751
2 3041 3054 2679
2 455 2971 2672
2 2968 2672 2971
2 2968 2971 2984
2 2984 2985 2968
2 2020 2968 2985
2 492 2968 2020
2 492 2672 2968
2 2984 1891 2985
2 492 2672 2968
2 3055 2751 3042
2 2362 1954 3055
2 3042 2672 1962
2 492 2672 2968
2 2362 3043 3056
2 1364 3032 3043
2 2239 2051 1364
2 492 2968 2020
2 2020 2968 2985
2 2417 2051 2239
2 2417 1893 2153
2 1933 1893 2212
2 2984 1891 2985
2 1933 1893 2212
2 1933 1719 1893
2 1719 1038 2518
2 1933 3074 1867
2 1891 3074 2212
2 3073 2028 1671
2 2984 1891 2985
2 2968 2971 2984
2 3073 2028 1671
2 1671 2132 1705
2 3073 2028 1671
2 3073 1654 3074
2 1038 1867 1654
2 2993 1882 1038
2 2918 2993 2994
2 1712 1036 1654
2 1226 1712 1705
2 1036 1035 2994
2 2791 2917 2994
2 2791 2917 2994
2 2917 2913 2926
2 3009 2916 2996
2 3021 2926 2913
2 2720 2668 3021
2 2925 2924 3016
2 2924 3020 3016
2 2720 2668 3021
2 2668 2661 1158
2 2077 2661 1156
2 1145 2429 1156
2 2924 3020 3016
2 1145 893 2429
2 893 3058 2002
2 2429 893 2122
2 2122 3188 2758
2 2517 2493 3062
2 2002 2300 1560
2 2300 1559 2382
2 2524 2869 2382
2 2517 2493 3062
2 2726 1314 2869
2 3063 1314 2381
2 2517 2493 3062
2 1560 2493 3188
2 3064 3063 2381
2 2122 3188 2758
2 2191 3064 1317
2 1562 2758 3169
2 2698 3169 2205
2 2191 3064 1317
2 2504 1317 2426
2 1318 2504 2426
2 2698 3169 2205
2 2698 3191 2077
2 2411 3191 3066
2 3066 2252 1319
2 1318 3065 2205
2 1318 3196 2829
2 2252 2733 1319
2 1318 3196 2829
2 2735 1319 2733
2 2735 1322 1319
2 1322 1324 3068
2 2575 2886 1324
2 2575 2551 2886
2 2738 2735 2691
2 2636 2551 3207
2 2631 3207 2465
2 2691 2735 3199
2 2631 2465 3206
2 2733 3196 3199
2 3206 2569 2620
2 2569 3198 2620
2 1318 2426 3196
2 1317 2728 2426
2 2728 1968 3197
2 3202 2597 3197
2 2597 2583 1509
2 3198 3197 2605
2 2569 3198 2620
2 2620 1511 1513
2 2615 2605 1510
2 2357 2370 1511
2 1775 2357 2346
2 2605 1509 1510
2 1805 2346 1880
2 1805 2346 1880
2 2651 1767 3049
2 1509 2435 1880
2 2597 2583 1509
2 2583 2523 2567
2 2253 2567 1506
2 1508 1767 2435
2 2253 1506 2244
2 3044 3049 1767
2 2244 1506 2449
2 3044 3034 3049
2 459 2806 3034
2 459 2964 2369
2 459 2964 2369
2 459 2369 2576
2 2966 2721 2046
2 2966 2978 2721
2 3035 2806 2576
2 452 2871 3035
2 2966 2721 2046
2 452 2970 2298
2 2966 2978 2721
2 1868 2049 2978
2 1868 2977 2049
2 1868 2977 2049
2 2970 2977 2238
2 452 2970 2298
2 452 2970 2298
2 452 3036 2871
2 3036 1805 2871
2 2346 1805 2008
2 2008 1775 2346
2 1775 3051 1894
2 3037 3038 3051
2 3050 3036 2444
2 2298 2815 2444
2 2967 482 2815
2 3037 3038 3051
2 3039 3052 3038
2 482 2967 2873
2 3039 2873 1337
2 3053 3039 3040
2 2679 3040 3041
2 455 3042 3041
2 455 2971 2672
2 2015 2971 2560
2 550 3040 2574
2 2574 3039 2874
2 2874 2979 2878
2 1725 2980 2878
2 2015 2971 2560
2 2015 2132 1671
2 1725 2980 2878
2 1705 2132 1189
2 2979 1906 1725
2 1218 1722 1213
2 1028 1213 2851
2 1028 2851 1689
2 2495 1213 1028
2 1722 1906 2113
2 2979 1906 1725
2 2873 2979 1337
2 482 2967 2873
2 2238 2977 2967
2 2816 2113 1282
2 1868 2977 2049
2 2851 2113 2816
2 1028 2851 1689
2 1212 1180 2175
2 1025 2991 1027
2 1689 1684 1212
2 1028 2851 1689
2 3005 1027 2991
2 2999 3005 3012
2 2495 1213 1028
2 2992 1032 2999
2 2495 1213 1028
2 1218 1722 1213
2 1722 1218 1189
2 1189 1226 1705
2 3000 1035 1226
2 2996 2791 3000
2 3009 2916 2996
2 1032 1033 1218
2 2992 1032 2999
2 2992 3012 3125
2 3009 2916 2996
2 2913 2916 2925
2 2925 2924 3016
2 2912 3125 3012
2 2924 3020 3016
2 2923 2912 2915
2 3015 2923 2922
2 3058 1145 3020
2 3058 1872 1617
2 2922 3019 3015
2 1155 1617 1872
2 1155 1617 1872
2 2300 1617 1559
2 2883 1559 2445
2 2789 1155 887
2 2267 1309 3061
2 2883 1559 2445
2 2883 1955 1311
2 2267 1309 3061
2 2883 1955 1311
2 2480 1311 1928
2 1928 2523 3202
2 2523 3200 2567
2 2725 1955 2163
2 1955 1309 2163
2 2267 1309 3061
2 3192 2267 2445
2 2496 3072 3192
2 2455 2437 2740
2 2759 2437 2455
2 2511 2759 2455
2 2322 2511 2455
2 3072 2136 2267
2 2711 2136 2477
2 2759 2437 2455
2 2711 2136 2477
2 2163 2711 3200
2 3200 2556 2567
2 1522 2556 2734
2 2700 3200 2881
2 2881 2477 2759
2 2511 2759 2455
2 2322 2511 2455
2 2895 2404 2322
2 2734 2700 2404
2 845 1522 2734
2 2522 2895 2988
2 845 2228 1522
2 2490 1501 3046
2 1522 2228 2449
2 2449 3048 3044
2 2490 1501 3046
2 3034 3048 3030
2 2515 459 3030
2 2842 2964 2515
2 1939 2842 1273
2 2972 1273 2965
2 2972 1273 2965
2 2592 1273 2972
2 1946 1939 2592
2 1946 1939 2592
2 1939 2707 2964
2 2707 1288 2964
2 2966 2369 1288
2 2966 2978 2721
2 2975 2704 1961
2 1868 2049 2978
2 1684 1689 1868
2 1212 1684 1180
2 2975 2704 1961
2 2975 1631 2704
2 1680 1631 1176
2 2175 1180 1208
2 1680 1631 1176
2 1024 1176 1946
2 1021 2175 1208
2 1021 3007 2990
2 1021 3007 2990
2 2990 2914 2991
2 3007 1746 2864
2 2914 2922 2915
2 2922 3019 3015
2 3019 3018 1155
2 1746 3007 3126
2 2210 3017 2760
2 2929 3018 1746
2 1124 1155 3018
2 887 1155 1124
2 3192 2445 887
2 2496 3192 2629
2 887 2724 2160
2 2724 1124 2224
2 1477 2394 1984
2 1124 3017 2224
2 2210 3017 2760
2 1477 2394 1984
2 1477 2394 1984
2 2724 1477 2629
2 3190 1555 2336
2 2361 2496 2629
2 2740 3072 2361
2 3190 1555 2336
2 2336 2665 2624
2 3060 2740 3190
2 2455 2437 2740
2 2322 2511 2455
2 2891 2322 2828
2 1754 3060 2331
2 2891 2828 1958
2 2331 3060 1923
2 407 1958 2150
2 3060 2624 1923
2 407 1958 2150
2 3195 1958 407
2 1958 3195 2877
2 1958 2877 2891
2 1886 2895 2891
2 2988 2895 1886
2 845 2988 1485
2 1501 1485 1498
2 3031 3045 59
2 57 3031 59
2 57 53 3031
2 3045 3031 3029
2 1501 1485 1498
2 2490 1501 3046
2 3045 3031 3029
2 2687 3030 3046
2 1859 3030 2687
2 2794 2965 1859
2 465 2965 2794
2 3045 3031 3029
2 57 53 3031
2 465 2962 2965
2 2972 2962 1935
2 1935 1629 1946
2 1946 1629 2083
2 1199 2745 2083
2 2745 1199 2997
2 3010 1731 2660
2 3010 3006 2998
2 3006 3010 2911
2 2911 3010 2618
2 2911 2618 2920
2 1204 2745 2997
2 1946 1204 1024
2 1020 1019 2998
2 1022 1208 1024
2 3003 3007 1022
2 1020 1019 2998
2 3010 3006 2998
2 3126 3007 3003
2 2929 3126 2760
2 3006 3010 2911
2 2210 3017 2760
2 2911 2618 2920
2 2210 1122 2394
2 883 1122 2475
2 883 1122 2475
2 883 2665 1984
2 2336 2665 2624
2 2624 3189 2150
2 1591 2571 2324
2 3189 11 15
2 1591 2571 2324
2 7 2571 4
2 7 4 30
2 3189 11 15
2 15 19 3189
2 19 23 3189
2 32 407 23
2 3195 32 36
2 36 40 3195
2 3195 40 3204
2 2528 2988 3204
2 1485 2528 1527
2 2542 40 43
2 1527 47 1498
2 40 30 43
2 1498 47 51
2 55 1498 51
2 1498 55 59
2 57 3031 59
2 57 53 3031
2 465 53 49
2 45 2962 49
2 2962 45 42
2 38 1629 42
2 38 34 1629
2 1199 34 28
2 28 25 2997
2 1731 25 21
2 1731 21 17
2 13 1731 17
2 13 30 9
2 2660 1731 13
2 3010 1731 2660
2 2911 3010 2618
2 2911 2618 2920
2 2920 2818 2475
2 2909 9 6
2 2818 4 2475
2 7 4 30
2 30 6 9
