1 780 0 1398
1 1398 1009 780
1 780 1009 1008
1 1875 780 1008
1 1043 1875 1008
1 1043 1008 1914
1 1043 1914 645
1 645 1914 1013
1 645 1013 1210
1 648 645 1210
1 648 1210 1022
1 1022 1214 648
1 653 648 1214
1 653 1214 1028
1 1028 1219 653
1 1219 660 653
1 660 1219 1032
1 387 660 1032
1 204 387 1032
1 1032 412 204
1 1035 204 412
1 412 1674 1035
1 1674 203 1035
1 203 1677 1035
1 1350 1035 1677
1 1350 1677 1037
1 1718 1350 1037
1 1037 245 1718
1 1718 245 1081
1 1081 246 1718
1 246 1350 1718
1 1040 1350 246
1 1719 1040 246
1 1085 1719 246
1 1085 246 1082
1 716 1085 1082
1 2038 716 1082
1 1082 1083 2038
1 2038 1083 110
1 2038 110 1088
1 1088 716 2038
1 716 1088 2018
1 716 2018 1087
1 1085 716 1087
1 1086 1085 1087
1 1087 1095 1086
1 1095 1094 1086
1 1086 1094 1679
1 1039 1086 1679
1 1039 1679 1042
1 1678 1039 1042
1 1038 1678 1042
1 1038 1042 1526
1 1038 1526 1709
1 1038 1709 672
1 1038 672 387
1 1038 387 204
1 204 1678 1038
1 204 1040 1678
1 1039 1678 1040
1 1719 1039 1040
1 1719 1085 1039
1 1086 1039 1085
1 204 1035 1040
1 1040 1035 1350
1 387 672 660
1 1709 686 672
1 1709 1526 686
1 686 1526 554
1 1526 1041 554
1 1041 1827 554
1 554 1827 12
1 12 1827 1647
1 1647 1827 1094
1 1094 1827 1041
1 1094 1041 1679
1 1679 1041 1042
1 1526 1042 1041
1 1094 1827 1041
1 1526 1042 1041
1 1709 1526 686
1 1526 1042 1041
1 204 1678 1038
1 1039 1678 1040
1 1679 1041 1042
1 1086 1039 1085
1 1094 1041 1679
1 1087 1096 1095
1 1096 1087 2018
1 1086 1039 1085
1 1096 1087 2018
1 1088 1097 2018
1 1088 1833 1097
1 2019 1097 1833
1 1833 1098 2019
1 1833 503 1098
1 1098 503 1834
1 1098 1834 2020
1 2020 1834 1099
1 1834 1090 1099
1 1090 1100 1099
1 1090 1093 1100
1 1100 1093 556
1 1723 556 1093
1 1089 1723 1093
1 205 1089 1093
1 205 1093 1090
1 1084 205 1090
1 1084 1090 503
1 503 1083 1084
1 1083 1358 1084
1 414 1084 1358
1 414 1358 1078
1 1356 414 1078
1 1072 1356 1078
1 1076 1072 1078
1 1077 1076 1078
1 1077 1078 1358
1 1722 1077 1358
1 1083 1722 1358
1 1722 1083 1082
1 1081 1722 1082
1 1081 1082 246
1 1081 1077 1722
1 1081 245 1077
1 1077 245 1076
1 1076 245 1717
1 135 1076 1717
1 135 1717 1034
1 1034 1348 135
1 1716 135 1348
1 1031 1716 1348
1 1031 1348 1675
1 1675 201 1031
1 201 1921 1031
1 1346 1031 1921
1 1025 1346 1921
1 1025 1921 201
1 201 1016 1025
1 1016 406 1025
1 1025 406 1012
1 1025 1012 199
1 1025 199 1673
1 1025 1673 1346
1 1026 1346 1673
1 199 1026 1673
1 199 1017 1026
1 1026 1017 1344
1 1026 1344 134
1 1026 134 1715
1 1026 1715 1346
1 1715 243 1346
1 243 1031 1346
1 243 1716 1031
1 243 1071 1716
1 1071 135 1716
1 135 1071 1072
1 1072 1076 135
1 1072 1071 1721
1 1721 1356 1072
1 1073 1356 1721
1 1721 1355 1073
1 1355 1357 1073
1 1073 1357 1356
1 1357 1079 1356
1 1079 414 1356
1 1079 416 414
1 416 1089 414
1 414 1089 205
1 1084 414 205
1 416 1092 1089
1 1089 1092 1723
1 1409 1723 1092
1 1605 1409 1092
1 1605 1092 416
1 1605 416 1604
1 1604 416 1080
1 1080 1603 1604
1 1603 1080 1832
1 2031 1603 1832
1 1602 2031 1832
1 1602 1832 1074
1 1602 1074 2017
1 1602 2017 1601
1 2017 1070 1601
1 1601 1070 1067
1 1067 1600 1601
1 1066 1600 1067
1 134 1066 1067
1 134 1067 1068
1 134 1068 1715
1 1068 243 1715
1 1069 243 1068
1 1068 1720 1069
1 1355 1069 1720
1 1355 1720 1070
1 1070 2017 1355
1 1074 1355 2017
1 1355 1074 1357
1 1074 1832 1357
1 1832 1080 1357
1 1079 1357 1080
1 1079 1080 416
1 1067 1070 1720
1 1067 1720 1068
1 1721 1069 1355
1 1071 1069 1721
1 1069 1071 243
1 1067 1720 1068
1 1069 1071 243
1 1067 1720 1068
1 134 1714 1066
1 1020 1066 1714
1 1020 1714 1019
1 1020 1019 405
1 1020 405 1437
1 1598 1020 1437
1 1598 1437 1872
1 1872 1437 1
1 551 1 1437
1 551 1437 405
1 405 1007 551
1 405 1531 1007
1 198 1007 1531
1 198 1531 1019
1 198 1019 1672
1 198 1672 1017
1 1670 198 1017
1 404 1670 1017
1 404 1017 199
1 199 1012 404
1 1012 1334 404
1 1334 1005 404
1 1005 1006 404
1 404 1006 1670
1 1006 198 1670
1 1006 1007 198
1 1004 1005 1334
1 1332 1004 1334
1 1332 1334 1011
1 1011 1340 1332
1 1332 1340 1010
1 1329 1332 1010
1 1010 1339 1329
1 1329 1339 1328
1 1328 1002 1329
1 1002 1003 1329
1 1329 1003 1332
1 1003 1004 1332
1 1398 1002 1328
1 1398 1328 1009
1 1009 1328 1338
1 1338 1013 1009
1 1008 1009 1013
1 1914 1008 1013
1 1338 1341 1013
1 1210 1013 1341
1 1210 1341 1022
1 1022 1341 1345
1 1345 1214 1022
1 1345 1028 1214
1 1028 1345 412
1 1219 1028 412
1 1032 1219 412
1 1029 412 1345
1 1345 410 1029
1 1033 1029 410
1 202 1033 410
1 202 410 1024
1 1024 1920 202
1 202 1920 1030
1 202 1030 1034
1 1034 1676 202
1 1676 1033 202
1 1349 1033 1676
1 1349 1676 1034
1 1349 1034 1717
1 1349 1717 245
1 245 1037 1349
1 1037 1033 1349
1 1033 1037 203
1 1033 203 1029
1 1029 203 1674
1 412 1029 1674
1 203 1037 1677
1 1037 1033 1349
1 1349 1676 1034
1 1034 1030 1348
1 1675 1348 1030
1 1030 201 1675
1 1030 1671 201
1 1671 1016 201
1 1016 1671 408
1 1016 408 1340
1 1016 1340 406
1 1340 1011 406
1 406 1011 1334
1 406 1334 1012
1 1340 408 1015
1 1015 1339 1340
1 1010 1340 1339
1 1342 1339 1015
1 1342 1015 408
1 1024 1342 408
1 1024 408 1920
1 1920 408 1030
1 1671 1030 408
1 1342 1024 410
1 1023 1342 410
1 1345 1023 410
1 1345 1341 1023
1 1023 1341 1342
1 1341 1014 1342
1 1014 1339 1342
1 1014 1338 1339
1 1328 1339 1338
1 1338 1014 1341
1 1338 1014 1341
1 1023 1341 1342
1 1014 1339 1342
1 1342 1015 408
1 1671 1030 408
1 1671 1030 408
1 1920 408 1030
1 1024 408 1920
1 1342 1024 410
1 1676 1033 202
1 1033 203 1029
1 1345 1023 410
1 412 1029 1674
1 1345 1341 1023
1 1338 1014 1341
1 1328 1339 1338
1 1328 1339 1338
1 1010 1340 1339
1 1329 1003 1332
1 1010 1340 1339
1 1340 1011 406
1 406 1011 1334
1 1003 1004 1332
1 406 1334 1012
1 404 1006 1670
1 1006 198 1670
1 1672 1344 1017
1 1019 1344 1672
1 1019 1714 1344
1 134 1344 1714
1 1019 1344 1672
1 405 1019 1531
1 1006 1007 198
1 405 1019 1531
1 1598 1599 1020
1 1599 1066 1020
1 1599 1600 1066
1 551 1437 405
1 405 1019 1531
1 1019 1714 1344
1 1599 1066 1020
1 134 1344 1714
1 1599 1600 1066
1 1067 1070 1720
1 1070 2017 1355
1 1074 1355 2017
1 1074 1832 1357
1 1832 1080 1357
1 1079 1080 416
1 1409 13 1723
1 1723 13 556
1 1605 1092 416
1 1079 1080 416
1 1079 1357 1080
1 1355 1074 1357
1 1721 1069 1355
1 1073 1357 1356
1 1071 1069 1721
1 1069 1071 243
1 1068 243 1715
1 134 1068 1715
1 134 1344 1714
1 1672 1344 1017
1 404 1017 199
1 1026 1715 1346
1 199 1026 1673
1 199 1012 404
1 406 1334 1012
1 1016 1340 406
1 1671 1016 201
1 1025 1673 1346
1 243 1031 1346
1 1025 1921 201
1 1030 201 1675
1 1675 1348 1030
1 243 1716 1031
1 1071 135 1716
1 1034 1030 1348
1 1349 1034 1717
1 1072 1076 135
1 1349 1717 245
1 1081 1077 1722
1 1077 245 1076
1 1072 1076 135
1 1721 1356 1072
1 1079 414 1356
1 1077 1078 1358
1 1084 414 205
1 1083 1722 1358
1 1083 503 110
1 1833 110 503
1 1088 110 1833
1 1834 503 1090
1 1084 414 205
1 414 1089 205
1 1089 1092 1723
1 1723 13 556
1 205 1093 1090
1 1834 503 1090
1 1834 503 1090
1 1833 110 503
1 1088 110 1833
1 1088 110 1833
1 1083 503 110
1 1722 1083 1082
1 1088 716 2038
1 1085 716 1087
1 1081 1082 246
1 1719 1085 1039
1 1719 1039 1040
1 1040 1035 1350
1 1081 1082 246
1 1081 245 1077
1 245 1037 1349
1 246 1350 1718
1 203 1037 1677
1 1040 1035 1350
1 203 1037 1677
1 1029 203 1674
1 412 1029 1674
1 204 1035 1040
1 1032 1219 412
1 1038 387 204
1 387 672 660
1 1032 1219 412
1 1219 1028 412
1 1345 1028 1214
1 1345 1214 1022
1 1210 1341 1022
1 1210 1013 1341
1 1914 1008 1013
1 1914 1008 1013
1 1875 0 780
1 1008 1009 1013
1 1398 1328 1009
1 1875 0 780
2 4 297 375
2 375 374 4
2 1392 4 374
2 1392 374 733
2 733 740 1392
2 732 1392 740
2 732 740 739
2 882 732 739
2 882 739 1995
2 778 882 1995
2 778 1995 883
2 884 778 883
2 883 1808 884
2 1808 1866 884
2 887 884 1866
2 887 1866 886
2 1402 887 886
2 886 889 1402
2 1402 889 890
2 890 887 1402
2 890 169 887
2 169 888 887
2 1497 887 888
2 327 1497 888
2 888 1735 327
2 1735 322 327
2 530 327 322
2 530 322 313
2 310 530 313
2 310 313 776
2 310 776 298
2 529 310 298
2 297 529 298
2 763 297 298
2 298 764 763
2 763 764 386
2 377 763 386
2 386 233 377
2 377 233 374
2 375 377 374
2 297 377 375
2 763 377 297
2 233 382 374
2 1146 374 382
2 734 1146 382
2 1148 734 382
2 1148 382 392
2 735 1148 392
2 1151 735 392
2 1151 392 407
2 736 1151 407
2 736 407 57
2 736 57 537
2 537 538 736
2 736 538 62
2 736 62 735
2 736 735 1151
2 735 62 743
2 735 743 1240
2 735 1240 734
2 735 734 1148
2 742 734 1240
2 742 1240 743
2 63 742 743
2 540 63 743
2 539 540 743
2 62 539 743
2 538 539 62
2 539 538 751
2 750 539 751
2 750 751 701
2 701 797 750
2 797 756 750
2 750 756 540
2 750 540 539
2 756 542 540
2 542 63 540
2 63 542 749
2 742 63 749
2 742 749 1241
2 742 1241 741
2 1239 742 741
2 733 1239 741
2 733 741 740
2 741 739 740
2 1400 739 741
2 748 1400 741
2 741 1241 748
2 1241 749 748
2 749 64 748
2 64 754 748
2 748 754 1401
2 748 1401 747
2 748 747 1400
2 1400 747 1995
2 1400 1995 739
2 883 1995 747
2 883 747 1996
2 883 1996 1808
2 1996 752 1808
2 1808 752 886
2 1808 886 1866
2 886 752 757
2 889 886 757
2 889 757 704
2 894 889 704
2 894 704 897
2 894 897 900
2 1641 894 900
2 901 1641 900
2 1849 901 900
2 900 625 1849
2 476 1849 625
2 1821 476 625
2 625 812 1821
2 1821 812 1909
2 1821 1909 813
2 813 476 1821
2 813 631 476
2 631 510 476
2 476 510 626
2 476 626 1849
2 626 901 1849
2 901 626 627
2 627 902 901
2 902 895 901
2 901 895 705
2 705 1641 901
2 705 894 1641
2 894 705 234
2 894 234 889
2 889 234 890
2 234 1867 890
2 891 890 1867
2 891 1867 118
2 891 118 1293
2 891 1293 892
2 893 891 892
2 892 338 893
2 338 231 893
2 231 1738 893
2 893 1738 336
2 336 169 893
2 169 891 893
2 890 891 169
2 888 169 336
2 336 532 888
2 1735 888 532
2 532 322 1735
2 323 322 532
2 323 532 328
2 323 328 777
2 323 777 324
2 324 1399 323
2 1399 316 323
2 1145 323 316
2 313 1145 316
2 1143 313 316
2 1143 316 300
2 1143 300 299
2 1143 299 313
2 776 313 299
2 298 776 299
2 298 299 1393
2 1393 764 298
2 1393 767 764
2 767 535 764
2 764 535 386
2 535 1906 386
2 1906 1863 386
2 386 1863 233
2 1863 394 233
2 394 1862 233
2 1862 382 233
2 1801 382 1862
2 1801 1862 394
2 1153 1801 394
2 394 694 1153
2 1153 694 413
2 409 1153 413
2 413 411 409
2 407 409 411
2 411 1403 407
2 1403 424 407
2 407 424 57
2 57 424 522
2 57 522 537
2 537 522 746
2 746 745 537
2 537 745 538
2 538 745 751
2 701 751 745
2 795 701 745
2 745 794 795
2 794 796 795
2 796 1769 795
2 1249 795 1769
2 1249 1769 505
2 797 1249 505
2 150 797 505
2 505 798 150
2 798 802 150
2 150 802 801
2 801 1815 150
2 1815 797 150
2 799 797 1815
2 1815 1820 799
2 799 1820 805
2 800 799 805
2 805 703 800
2 800 703 803
2 1805 800 803
2 1805 803 1806
2 1805 1806 759
2 1805 759 755
2 800 1805 755
2 799 800 755
2 799 755 756
2 797 799 756
2 756 755 542
2 542 755 543
2 542 543 749
2 64 749 543
2 543 544 64
2 64 544 754
2 754 544 546
2 754 546 65
2 65 752 754
2 1401 754 752
2 1996 1401 752
2 747 1401 1996
2 752 65 757
2 65 547 757
2 757 547 760
2 704 757 760
2 897 704 760
2 8 897 760
2 760 762 8
2 762 812 8
2 812 625 8
2 900 8 625
2 900 897 8
2 762 1822 812
2 812 1822 1909
2 1909 1822 813
2 813 1822 669
2 808 813 669
2 808 669 307
2 307 1734 808
2 814 808 1734
2 814 1734 1874
2 1997 814 1874
2 815 1997 1874
2 815 1874 1907
2 815 1907 703
2 815 703 1451
2 815 1451 1998
2 815 1998 639
2 1997 815 639
2 1997 639 634
2 814 1997 634
2 634 813 814
2 813 808 814
2 813 634 631
2 634 1989 631
2 635 631 1989
2 636 635 1989
2 1804 636 1989
2 1804 1989 634
2 639 1804 634
2 1208 1804 639
2 1208 639 1998
2 1208 1998 641
2 1208 641 642
2 1208 642 512
2 1208 512 1804
2 1804 512 636
2 636 512 229
2 229 1865 636
2 636 1865 635
2 635 1865 1206
2 635 1206 510
2 631 635 510
2 1206 632 510
2 626 510 632
2 632 627 626
2 1802 627 632
2 1207 1802 632
2 632 637 1207
2 1207 637 1126
2 1207 1126 638
2 638 511 1207
2 1207 511 1802
2 511 628 1802
2 628 627 1802
2 902 627 628
2 903 902 628
2 903 628 1642
2 1642 904 903
2 904 896 903
2 903 896 118
2 902 903 118
2 118 895 902
2 1867 895 118
2 234 895 1867
2 705 895 234
2 1293 118 896
2 892 1293 896
2 342 892 896
2 342 896 1741
2 342 1741 345
2 1860 342 345
2 1740 1860 345
2 1740 345 1861
2 350 1740 1861
2 350 1861 1411
2 1411 899 350
2 350 899 9
2 366 350 9
2 366 9 1452
2 366 1452 288
2 288 364 366
2 366 364 339
2 366 339 1740
2 366 1740 350
2 1740 339 1860
2 533 1860 339
2 339 337 533
2 337 338 533
2 338 342 533
2 533 342 1860
2 892 342 338
2 337 231 338
2 330 231 337
2 330 337 333
2 333 332 330
2 332 324 330
2 777 330 324
2 777 328 330
2 330 328 231
2 1738 231 328
2 1738 328 336
2 336 328 532
2 692 324 332
2 692 332 1410
2 354 692 1410
2 354 1410 277
2 352 354 277
2 1859 352 277
2 1859 277 1736
2 276 1859 1736
2 276 1736 1887
2 1733 276 1887
2 1733 1887 1612
2 1613 1733 1612
2 1543 1613 1612
2 1543 1612 278
2 1618 1543 278
2 1618 278 1619
2 1618 1619 514
2 1614 1618 514
2 1614 514 1620
2 1614 1620 2032
2 2032 1615 1614
2 1868 1614 1615
2 1615 611 1868
2 1868 611 1635
2 1635 1908 1868
2 1908 1614 1868
2 1614 1908 548
2 548 1618 1614
2 1618 548 1543
2 548 1613 1543
2 548 1926 1613
2 1613 1926 75
2 1613 75 1927
2 1613 1927 1733
2 1927 1634 1733
2 1634 276 1733
2 276 1634 793
2 352 276 793
2 352 793 5
2 352 5 1640
2 352 1640 320
2 354 352 320
2 354 320 692
2 692 320 318
2 318 324 692
2 318 1399 324
2 318 316 1399
2 1395 316 318
2 318 303 1395
2 1395 303 300
2 300 316 1395
2 300 303 1396
2 769 300 1396
2 771 769 1396
2 303 771 1396
2 303 1397 771
2 1397 775 771
2 702 771 775
2 1634 702 775
2 1634 775 793
2 775 305 793
2 793 305 5
2 5 305 1640
2 1640 305 320
2 305 1144 320
2 318 320 1144
2 318 1144 303
2 305 303 1144
2 305 1397 303
2 305 775 1397
2 305 303 1144
2 305 775 1397
2 1634 1927 702
2 1927 788 702
2 702 788 785
2 785 771 702
2 1245 771 785
2 783 1245 785
2 785 1246 783
2 783 1246 786
2 783 786 536
2 783 536 779
2 779 1244 783
2 769 783 1244
2 769 1244 767
2 767 1394 769
2 300 769 1394
2 300 1394 299
2 767 299 1394
2 1393 299 767
2 767 299 1394
2 779 767 1244
2 767 779 535
2 535 779 401
2 401 694 535
2 535 694 1906
2 694 1863 1906
2 694 394 1863
2 694 401 413
2 413 401 1154
2 413 1154 495
2 413 495 415
2 415 411 413
2 1404 411 415
2 430 1404 415
2 1405 430 415
2 1405 415 495
2 431 1405 495
2 431 495 419
2 1155 431 419
2 1155 419 1248
2 433 1155 1248
2 789 433 1248
2 1248 787 789
2 1807 789 787
2 790 1807 787
2 790 787 788
2 790 788 1445
2 1635 790 1445
2 1635 1445 1926
2 548 1635 1926
2 1908 1635 548
2 1445 75 1926
2 788 75 1445
2 788 1927 75
2 1635 1446 790
2 1446 791 790
2 791 1807 790
2 791 1406 1807
2 1406 789 1807
2 789 1406 433
2 1406 1157 433
2 1864 433 1157
2 1864 1157 695
2 695 438 1864
2 438 497 1864
2 1864 497 433
2 433 497 1155
2 497 431 1155
2 497 432 431
2 432 1405 431
2 432 430 1405
2 773 430 432
2 773 432 437
2 437 436 773
2 436 430 773
2 436 772 430
2 772 428 430
2 430 428 1404
2 1404 428 411
2 411 428 1403
2 428 424 1403
2 424 428 770
2 424 770 434
2 519 424 434
2 738 519 434
2 738 434 6
2 738 6 766
2 766 737 738
2 737 519 738
2 522 519 737
2 746 522 737
2 746 737 699
2 746 699 794
2 794 745 746
2 699 1423 794
2 945 794 1423
2 945 1423 1910
2 1443 945 1910
2 1910 944 1443
2 911 1443 944
2 911 944 766
2 766 1758 911
2 1691 911 1758
2 193 1691 1758
2 193 1758 939
2 939 608 193
2 193 608 906
2 906 912 193
2 912 517 193
2 517 1691 193
2 517 911 1691
2 911 517 163
2 163 1816 911
2 1816 1443 911
2 1816 66 1443
2 1443 66 945
2 1296 945 66
2 918 1296 66
2 918 66 1816
2 163 918 1816
2 163 919 918
2 918 919 1297
2 1296 918 1297
2 681 1296 1297
2 681 1297 924
2 924 218 681
2 681 218 923
2 923 1296 681
2 1296 923 945
2 513 945 923
2 946 513 923
2 923 930 946
2 946 930 947
2 1449 946 947
2 947 802 1449
2 1449 802 798
2 798 946 1449
2 1447 946 798
2 1769 1447 798
2 505 1769 798
2 796 1447 1769
2 513 1447 796
2 945 513 796
2 794 945 796
2 513 946 1447
2 513 946 1447
2 802 947 1450
2 1450 807 802
2 98 802 807
2 98 807 811
2 98 811 809
2 98 809 806
2 806 801 98
2 801 802 98
2 806 1820 801
2 1815 801 1820
2 805 1820 806
2 805 806 703
2 1451 703 806
2 1451 806 810
2 1998 1451 810
2 810 816 1998
2 641 1998 816
2 641 816 817
2 1795 641 817
2 257 1795 817
2 817 811 257
2 258 257 811
2 258 811 1930
2 1858 258 1930
2 265 1858 1930
2 265 1930 10
2 265 10 937
2 937 938 265
2 938 267 265
2 267 266 265
2 265 266 1858
2 1858 266 1794
2 1794 257 1858
2 1858 257 258
2 257 1794 153
2 257 153 507
2 1795 257 507
2 1795 507 1133
2 1795 1133 642
2 641 1795 642
2 642 1133 252
2 229 642 252
2 229 252 238
2 229 238 239
2 1126 229 239
2 1128 1126 239
2 1128 239 241
2 241 232 1128
2 1128 232 638
2 1128 638 1126
2 151 638 232
2 151 232 633
2 1803 151 633
2 697 1803 633
2 629 697 633
2 629 633 92
2 1791 629 92
2 1791 92 225
2 226 1791 225
2 226 225 227
2 224 226 227
2 525 224 227
2 227 490 525
2 525 490 1911
2 525 1911 289
2 525 289 288
2 288 224 525
2 224 288 1452
2 224 1452 9
2 224 9 899
2 224 899 1791
2 226 224 1791
2 1791 899 630
2 630 629 1791
2 629 630 905
2 629 905 904
2 904 697 629
2 904 1642 697
2 1642 628 697
2 697 628 1803
2 628 151 1803
2 628 511 151
2 511 638 151
2 896 904 905
2 896 905 1741
2 1741 905 345
2 1411 345 905
2 630 1411 905
2 630 899 1411
2 1861 345 1411
2 630 1411 905
2 630 899 1411
2 288 289 691
2 288 691 364
2 691 1639 364
2 1639 362 364
2 364 362 339
2 339 362 1477
2 1477 337 339
2 337 1477 333
2 1477 359 333
2 359 357 333
2 357 332 333
2 1410 332 357
2 279 1410 357
2 357 1137 279
2 280 279 1137
2 1137 1962 280
2 1962 528 280
2 278 280 528
2 278 528 1619
2 1619 528 281
2 1622 1619 281
2 1623 1622 281
2 281 251 1623
2 1623 251 284
2 1626 1623 284
2 1627 1626 284
2 301 1627 284
2 287 301 284
2 284 494 287
2 494 1141 287
2 1141 291 287
2 1799 287 291
2 1799 291 235
2 292 1799 235
2 292 235 294
2 292 294 722
2 292 722 1739
2 1739 301 292
2 301 1799 292
2 1799 301 287
2 1632 301 1739
2 1632 1739 1631
2 1630 1632 1631
2 1630 1631 1502
2 1630 1502 1054
2 1050 1630 1054
2 1053 1050 1054
2 1053 1054 711
2 711 1819 1053
2 1053 1819 710
2 1053 710 1050
2 710 683 1050
2 222 1050 683
2 222 683 1048
2 1625 222 1048
2 220 1625 1048
2 220 1048 1046
2 220 1046 485
2 1621 220 485
2 1390 1621 485
2 1617 1390 485
2 1617 485 1044
2 1044 7 1617
2 1633 1617 7
2 1633 7 443
2 443 520 1633
2 520 1636 1633
2 1616 1633 1636
2 1615 1616 1636
2 1615 1636 611
2 611 1636 791
2 1446 611 791
2 1446 1635 611
2 792 791 1636
2 792 1636 520
2 792 520 442
2 792 442 441
2 792 441 1406
2 791 792 1406
2 1406 441 1157
2 695 1157 441
2 441 440 695
2 695 440 439
2 695 439 438
2 438 439 774
2 438 774 497
2 774 432 497
2 432 774 437
2 774 439 437
2 1484 437 439
2 941 1484 439
2 942 941 439
2 439 440 942
2 440 610 942
2 1823 942 610
2 908 1823 610
2 908 610 943
2 908 943 909
2 909 915 908
2 97 908 915
2 915 914 97
2 913 97 914
2 914 1817 913
2 913 1817 920
2 678 913 920
2 678 920 1295
2 912 678 1295
2 1295 919 912
2 163 912 919
2 517 912 163
2 919 1295 1298
2 1297 919 1298
2 1297 1298 925
2 925 924 1297
2 682 924 925
2 682 925 932
2 932 931 682
2 518 682 931
2 518 931 935
2 518 935 1305
2 518 1305 930
2 930 218 518
2 518 218 682
2 218 924 682
2 218 930 923
2 930 1305 947
2 1305 934 947
2 948 947 934
2 934 937 948
2 948 937 10
2 948 10 1487
2 948 1487 807
2 948 807 1450
2 1450 947 948
2 1930 807 1487
2 1930 1487 10
2 1930 811 807
2 1930 1487 10
2 934 1309 937
2 937 1309 938
2 938 1309 935
2 938 935 1310
2 1310 267 938
2 709 267 1310
2 936 709 1310
2 1310 935 936
2 936 935 931
2 931 932 936
2 932 1306 936
2 936 1306 1055
2 1055 712 936
2 712 709 936
2 712 1059 709
2 709 1059 1062
2 709 1062 267
2 268 267 1062
2 1062 1853 268
2 1853 1132 268
2 1132 259 268
2 259 153 268
2 268 153 266
2 266 267 268
2 153 1794 266
2 259 507 153
2 1133 507 259
2 259 1957 1133
2 1957 252 1133
2 252 1957 1129
2 1129 238 252
2 253 238 1129
2 1129 1857 253
2 1857 1793 253
2 1793 254 253
2 1125 253 254
2 241 1125 254
2 254 1792 241
2 1792 244 241
2 244 236 241
2 232 241 236
2 92 232 236
2 225 92 236
2 688 225 236
2 244 688 236
2 244 152 688
2 152 255 688
2 688 255 248
2 248 237 688
2 688 237 225
2 227 225 237
2 237 526 227
2 526 490 227
2 526 290 490
2 490 290 1911
2 1911 290 1140
2 289 1911 1140
2 289 1140 1798
2 691 289 1798
2 1798 285 691
2 691 285 1639
2 362 1639 285
2 1453 362 285
2 1453 285 1797
2 282 1453 1797
2 282 1797 283
2 283 1137 282
2 357 282 1137
2 357 359 282
2 359 1453 282
2 359 362 1453
2 362 359 1477
2 1137 283 1962
2 283 492 1962
2 492 528 1962
2 492 281 528
2 281 492 251
2 492 1138 251
2 251 1138 286
2 251 286 494
2 251 494 284
2 494 286 1141
2 1963 1141 286
2 1963 286 1140
2 1140 290 1963
2 290 1141 1963
2 290 291 1141
2 290 526 291
2 526 527 291
2 235 291 527
2 235 527 248
2 2035 235 248
2 255 2035 248
2 255 256 2035
2 256 294 2035
2 294 235 2035
2 256 295 294
2 294 295 722
2 722 295 293
2 1631 722 293
2 1631 293 516
2 1631 516 1502
2 1502 516 1054
2 1054 516 1058
2 1054 1058 711
2 711 1058 1057
2 711 1057 1052
2 1052 1819 711
2 1049 1819 1052
2 1049 1052 1818
2 928 1049 1818
2 928 1818 1051
2 1304 928 1051
2 1304 1051 933
2 926 1304 933
2 933 1303 926
2 1303 925 926
2 1298 926 925
2 1300 926 1298
2 1300 1298 920
2 921 1300 920
2 920 1817 921
2 914 921 1817
2 922 921 914
2 1045 922 914
2 1045 914 915
2 909 1045 915
2 1045 909 916
2 1046 1045 916
2 916 1044 1046
2 485 1046 1044
2 916 910 1044
2 1044 910 7
2 943 7 910
2 943 910 909
2 910 916 909
2 943 443 7
2 442 443 943
2 1485 442 943
2 1485 943 610
2 440 1485 610
2 440 442 1485
2 441 442 440
2 440 442 1485
2 520 443 442
2 910 916 909
2 1047 1045 1046
2 1048 1047 1046
2 1047 1048 2014
2 1302 1047 2014
2 710 1302 2014
2 710 2014 683
2 2014 1048 683
2 710 680 1302
2 922 1302 680
2 922 680 1301
2 922 1301 921
2 1301 2003 921
2 2003 1300 921
2 1300 2003 928
2 926 1300 928
2 926 928 1304
2 1301 928 2003
2 680 928 1301
2 1049 928 680
2 1049 680 710
2 1819 1049 710
2 1301 928 2003
2 680 928 1301
2 1045 1302 922
2 1045 1047 1302
2 1049 680 710
2 1045 1047 1302
2 2014 1048 683
2 1045 1047 1302
2 910 916 909
2 1045 1302 922
2 922 1301 921
2 2003 1300 921
2 1298 1295 920
2 926 1300 928
2 1303 932 925
2 933 932 1303
2 932 933 1306
2 1306 933 1055
2 933 1307 1055
2 1307 1056 1055
2 1056 1353 1055
2 712 1055 1353
2 1063 712 1353
2 1063 1353 270
2 1063 270 269
2 1063 269 1853
2 1063 1853 2016
2 2016 1059 1063
2 1063 1059 712
2 1059 2016 1062
2 2016 1853 1062
2 2016 1853 1062
2 269 1132 1853
2 676 1132 269
2 270 676 269
2 271 676 270
2 1064 271 270
2 1064 270 1060
2 1060 1065 1064
2 1065 271 1064
2 1065 272 271
2 154 271 272
2 272 261 154
2 154 261 508
2 260 154 508
2 508 1793 260
2 260 1793 1857
2 690 260 1857
2 690 1857 1129
2 259 690 1129
2 1129 1957 259
2 690 259 1132
2 676 690 1132
2 260 690 676
2 1796 260 676
2 271 1796 676
2 1796 271 154
2 260 1796 154
2 260 1796 154
2 260 690 676
2 1793 508 1130
2 254 1793 1130
2 254 1130 1792
2 1792 1130 506
2 506 244 1792
2 244 506 152
2 261 152 506
2 1130 261 506
2 1130 508 261
2 261 262 152
2 152 262 1958
2 152 1958 255
2 255 1958 256
2 1958 262 256
2 256 262 263
2 295 256 263
2 263 782 295
2 293 295 782
2 782 516 293
2 296 516 782
2 782 11 296
2 273 296 11
2 11 274 273
2 273 274 1960
2 273 1960 272
2 1065 273 272
2 1495 273 1065
2 1065 1354 1495
2 1495 1354 1057
2 1057 230 1495
2 230 273 1495
2 296 273 230
2 296 230 516
2 516 230 1058
2 1057 1058 230
2 1057 1058 230
2 1056 1057 1354
2 1056 1354 1060
2 1060 1353 1056
2 1060 270 1353
2 1065 1060 1354
2 1352 1057 1056
2 2015 1352 1056
2 2015 1056 1307
2 1051 2015 1307
2 1051 1307 933
2 1051 1352 2015
2 1818 1352 1051
2 1818 1052 1352
2 1052 1057 1352
2 1051 1352 2015
2 1052 1057 1352
2 1065 1060 1354
2 230 273 1495
2 1960 1134 272
2 1134 261 272
2 262 261 1134
2 262 1134 1959
2 1959 263 262
2 1959 274 263
2 11 263 274
2 263 11 782
2 1959 1134 274
2 274 1134 1960
2 1959 1134 274
2 274 1134 1960
2 274 1134 1960
2 11 263 274
2 296 273 230
2 263 11 782
2 296 230 516
2 263 11 782
2 1959 263 262
2 1958 262 256
2 262 261 1134
2 1130 261 506
2 1130 508 261
2 260 1796 154
2 1130 508 261
2 1134 261 272
2 1796 271 154
2 1065 273 272
2 1065 1060 1354
2 1060 270 1353
2 1065 271 1064
2 271 1796 676
2 676 690 1132
2 270 676 269
2 1060 270 1353
2 1063 1059 712
2 1060 1353 1056
2 2015 1056 1307
2 1051 1307 933
2 933 932 1303
2 926 928 1304
2 1051 1307 933
2 926 928 1304
2 1818 1352 1051
2 1049 928 680
2 1818 1052 1352
2 1819 1049 710
2 1052 1057 1352
2 1057 1058 230
2 516 230 1058
2 782 516 293
2 722 1631 1739
2 293 295 782
2 295 256 263
2 255 1958 256
2 294 235 2035
2 527 237 248
2 526 237 527
2 526 237 527
2 1140 286 509
2 1798 1140 509
2 285 1798 509
2 509 1797 285
2 1138 1797 509
2 286 1138 509
2 1138 283 1797
2 492 283 1138
2 286 1138 509
2 290 1141 1963
2 286 1138 509
2 492 283 1138
2 492 283 1138
2 1138 283 1797
2 359 1453 282
2 509 1797 285
2 359 362 1453
2 285 1798 509
2 1798 1140 509
2 1140 290 1963
2 290 526 291
2 526 237 527
2 527 237 248
2 255 2035 248
2 152 1958 255
2 244 506 152
2 688 237 225
2 633 232 92
2 244 688 236
2 506 244 1792
2 254 1130 1792
2 241 239 1125
2 239 1956 1125
2 1956 253 1125
2 1956 238 253
2 239 238 1956
2 239 238 1956
2 1956 253 1125
2 254 1793 1130
2 260 1793 1857
2 690 1857 1129
2 1956 238 253
2 1129 1957 259
2 1129 1957 259
2 690 259 1132
2 269 1132 1853
2 2016 1853 1062
2 266 267 268
2 1059 2016 1062
2 1063 1059 712
2 712 1055 1353
2 1306 933 1055
2 932 933 1306
2 712 709 936
2 709 1062 267
2 1310 935 936
2 1309 934 935
2 935 934 1305
2 1309 934 935
2 1450 947 948
2 935 934 1305
2 935 934 1305
2 936 935 931
2 518 218 682
2 931 932 936
2 1303 932 925
2 218 924 682
2 1298 926 925
2 1298 1295 920
2 678 912 1294
2 1294 1854 678
2 913 678 1854
2 707 913 1854
2 707 1854 907
2 941 707 907
2 907 940 941
2 1484 941 940
2 437 1484 940
2 608 437 940
2 906 608 940
2 940 1294 906
2 1294 912 906
2 940 907 1294
2 1294 907 1854
2 436 437 608
2 436 608 939
2 435 436 939
2 939 765 435
2 765 6 435
2 435 6 434
2 770 435 434
2 770 428 435
2 435 428 772
2 435 772 436
2 765 766 6
2 765 1758 766
2 765 939 1758
2 765 939 1758
2 435 772 436
2 940 907 1294
2 707 941 97
2 913 707 97
2 97 941 942
2 97 942 1823
2 97 1823 908
2 1294 907 1854
2 913 707 97
2 1294 907 1854
2 1294 912 906
2 1298 1295 920
2 913 678 1854
2 920 1817 921
2 914 921 1817
2 913 707 97
2 1045 914 915
2 97 1823 908
2 909 1045 915
2 943 910 909
2 1485 943 610
2 97 1823 908
2 97 942 1823
2 440 1485 610
2 97 941 942
2 1484 941 940
2 437 1484 940
2 774 439 437
2 439 440 942
2 441 442 440
2 441 442 440
2 520 443 442
2 791 792 1406
2 1615 1389 1616
2 1389 1621 1616
2 1616 1621 1390
2 1616 1390 2033
2 1616 2033 1633
2 2033 1617 1633
2 2033 1390 1617
2 2033 1390 1617
2 2034 1621 1389
2 1620 2034 1389
2 1620 1389 2032
2 2032 1389 1615
2 2034 1620 1391
2 1621 2034 1391
2 1621 1391 1855
2 1621 1855 220
2 1855 1625 220
2 1625 1855 1624
2 1625 1624 1856
2 1625 1856 222
2 1856 1629 222
2 222 1629 1050
2 1629 1630 1050
2 1628 1630 1629
2 1629 1856 1628
2 1856 1624 1628
2 1624 160 1628
2 1628 160 1626
2 1628 1626 1627
2 1628 1627 1630
2 1632 1630 1627
2 1627 301 1632
2 160 1622 1626
2 1623 1626 1622
2 160 515 1622
2 515 1809 1622
2 514 1622 1809
2 514 1809 1620
2 1391 1620 1809
2 1391 1809 515
2 1624 1391 515
2 160 1624 515
2 1855 1391 1624
2 1622 514 1619
2 1391 1809 515
2 160 1624 515
2 160 1624 515
2 1628 1627 1630
2 1629 1856 1628
2 1856 1624 1628
2 1855 1391 1624
2 1855 1391 1624
2 1391 1620 1809
2 1621 2034 1391
2 2032 1389 1615
2 1616 2033 1633
2 792 1636 520
2 520 443 442
2 943 443 7
2 2033 1617 1633
2 1044 910 7
2 485 1046 1044
2 2033 1390 1617
2 1616 1621 1390
2 1621 1855 220
2 485 1046 1044
2 1048 1047 1046
2 1855 1625 220
2 1625 1856 222
2 2014 1048 683
2 222 1629 1050
2 710 2014 683
2 1819 1049 710
2 1052 1819 711
2 1054 1058 711
2 1053 710 1050
2 1629 1630 1050
2 1502 516 1054
2 1631 516 1502
2 1632 1630 1627
2 722 1631 1739
2 1627 301 1632
2 722 1631 1739
2 294 295 722
2 294 235 2035
2 301 1799 292
2 235 291 527
2 1799 301 287
2 290 291 1141
2 494 286 1141
2 251 494 284
2 1799 301 287
2 1627 301 1632
2 1628 1626 1627
2 1623 1626 1622
2 251 494 284
2 281 492 251
2 1623 1626 1622
2 1622 514 1619
2 492 281 528
2 1637 280 278
2 1612 1637 278
2 1612 1736 1637
2 1736 1136 1637
2 1136 280 1637
2 1136 279 280
2 1961 279 1136
2 277 1961 1136
2 277 1136 1736
2 1410 1961 277
2 1410 279 1961
2 1410 279 1961
2 277 1136 1736
2 1887 1736 1612
2 1136 280 1637
2 492 528 1962
2 1137 283 1962
2 1136 279 280
2 357 282 1137
2 1410 279 1961
2 357 359 282
2 362 359 1477
2 362 359 1477
2 362 1639 285
2 691 285 1639
2 691 289 1798
2 289 1911 1140
2 490 290 1911
2 526 490 227
2 288 224 525
2 226 224 1791
2 227 225 237
2 226 224 1791
2 225 92 236
2 630 629 1791
2 633 232 92
2 904 697 629
2 697 628 1803
2 628 151 1803
2 633 232 92
2 511 638 151
2 232 241 236
2 241 239 1125
2 1128 638 1126
2 637 229 1126
2 229 637 1865
2 1206 1865 637
2 1206 637 632
2 239 238 1956
2 1129 238 252
2 512 642 229
2 1957 252 1133
2 1133 507 259
2 259 507 153
2 153 1794 266
2 153 1794 266
2 266 267 268
2 1310 267 938
2 937 1309 938
2 948 937 10
2 1930 1487 10
2 265 266 1858
2 1858 257 258
2 1930 811 807
2 1858 257 258
2 817 809 811
2 817 810 809
2 810 806 809
2 810 817 816
2 1795 257 507
2 641 1795 642
2 810 817 816
2 810 817 816
2 810 806 809
2 810 806 809
2 817 809 811
2 1930 811 807
2 801 802 98
2 948 807 1450
2 1450 947 948
2 798 946 1449
2 930 1305 947
2 218 930 923
2 513 946 1447
2 945 513 796
2 218 930 923
2 218 924 682
2 925 924 1297
2 923 1296 681
2 1297 919 1298
2 163 912 919
2 1296 918 1297
2 1296 923 945
2 918 66 1816
2 163 918 1816
2 517 912 163
2 517 912 163
2 1294 912 906
2 906 608 940
2 436 608 939
2 765 939 1758
2 517 1691 193
2 517 911 1691
2 765 1758 766
2 766 944 737
2 944 699 737
2 944 1423 699
2 1910 1423 944
2 1816 1443 911
2 1910 1423 944
2 1443 66 945
2 1910 1423 944
2 794 945 796
2 944 1423 699
2 944 699 737
2 522 424 519
2 766 944 737
2 765 766 6
2 435 6 434
2 737 519 738
2 522 424 519
2 770 435 434
2 770 428 435
2 435 428 772
2 435 772 436
2 436 437 608
2 432 774 437
2 436 430 773
2 774 432 497
2 438 774 497
2 695 439 438
2 695 1157 441
2 1864 497 433
2 1406 441 1157
2 791 792 1406
2 1446 611 791
2 1446 1635 611
2 788 75 1445
2 788 787 785
2 785 787 1246
2 1246 787 786
2 786 787 1248
2 786 1248 419
2 419 536 786
2 536 419 1154
2 536 1154 401
2 779 536 401
2 495 1154 419
2 791 1807 790
2 1406 789 1807
2 786 787 1248
2 789 1406 433
2 433 497 1155
2 786 1248 419
2 497 431 1155
2 495 1154 419
2 432 1405 431
2 432 430 1405
2 430 428 1404
2 1404 428 411
2 1405 415 495
2 495 1154 419
2 536 1154 401
2 779 536 401
2 783 769 1245
2 769 771 1245
2 779 767 1244
2 779 536 401
2 419 536 786
2 1246 787 786
2 785 787 1246
2 783 769 1245
2 769 771 1245
2 788 787 785
2 788 1927 75
2 785 771 702
2 305 775 1397
2 305 1397 303
2 769 771 1245
2 300 769 1394
2 303 771 1396
2 318 1144 303
2 300 316 1395
2 318 320 1144
2 1640 305 320
2 5 305 1640
2 793 305 5
2 352 1859 276
2 1634 775 793
2 1634 1927 702
2 788 1927 75
2 1445 75 1926
2 548 1635 1926
2 1908 1635 548
2 1908 1635 548
2 1446 1635 611
2 1615 1636 611
2 1908 1614 1868
2 2032 1389 1615
2 1620 1389 2032
2 514 1809 1620
2 548 1618 1614
2 1622 514 1619
2 278 528 1619
2 1618 548 1543
2 1612 1637 278
2 548 1613 1543
2 1613 1927 1733
2 1887 1736 1612
2 1634 276 1733
2 1887 1736 1612
2 352 1859 276
2 277 1136 1736
2 352 1859 276
2 354 352 320
2 1410 1961 277
2 354 320 692
2 1410 332 357
2 318 324 692
2 357 332 333
2 337 1477 333
2 330 328 231
2 1477 337 339
2 533 342 1860
2 364 362 339
2 288 691 364
2 224 288 1452
2 224 1452 9
2 366 1740 350
2 224 9 899
2 630 899 1411
2 1861 345 1411
2 366 1740 350
2 1861 345 1411
2 1740 339 1860
2 533 342 1860
2 1741 905 345
2 896 905 1741
2 892 342 338
2 896 904 905
2 904 1642 697
2 1642 628 697
2 902 903 118
2 628 511 151
2 511 638 151
2 1128 638 1126
2 637 229 1126
2 1206 637 632
2 1207 511 1802
2 628 627 1802
2 1206 637 632
2 1206 1865 637
2 229 637 1865
2 512 642 229
2 512 642 229
2 641 1795 642
2 641 1998 816
2 1208 512 1804
2 1804 512 636
2 636 1865 635
2 631 635 510
2 1804 1989 634
2 639 1804 634
2 1208 639 1998
2 1998 1451 810
2 1451 703 806
2 1907 804 703
2 803 703 804
2 804 1242 803
2 1806 803 1242
2 1806 1242 758
2 759 1806 758
2 544 759 758
2 546 544 758
2 546 758 761
2 761 547 546
2 547 65 546
2 547 761 1243
2 547 1243 760
2 1243 762 760
2 1243 1822 762
2 669 1822 1243
2 669 1243 761
2 669 761 307
2 307 761 758
2 758 1242 307
2 1242 1734 307
2 1242 804 1734
2 1874 1734 804
2 1907 1874 804
2 669 1243 761
2 307 761 758
2 543 759 544
2 759 543 755
2 758 1242 307
2 1242 804 1734
2 1907 1874 804
2 1907 1874 804
2 1997 815 639
2 814 1997 634
2 1874 1734 804
2 813 808 814
2 1242 1734 307
2 669 761 307
2 813 808 814
2 669 1822 1243
2 1243 1822 762
2 1243 762 760
2 900 897 8
2 547 1243 760
2 547 65 546
2 547 65 546
2 546 544 758
2 543 759 544
2 759 543 755
2 759 543 755
2 759 1806 758
2 1806 803 1242
2 800 1805 755
2 803 703 804
2 805 806 703
2 799 800 755
2 805 1820 806
2 1815 801 1820
2 797 799 756
2 1815 801 1820
2 801 802 98
2 1449 802 798
2 505 1769 798
2 1815 797 150
2 1249 797 701
2 795 1249 701
2 505 1769 798
2 795 1249 701
2 796 1447 1769
2 794 945 796
2 794 745 746
2 795 1249 701
2 794 745 746
2 746 522 737
2 522 424 519
2 428 424 1403
2 411 428 1403
2 407 392 409
2 409 392 1801
2 409 1801 1153
2 392 382 1801
2 415 411 413
2 409 1801 1153
2 694 401 413
2 694 394 1863
2 409 1801 1153
2 392 382 1801
2 1801 1862 394
2 694 394 1863
2 694 1863 1906
2 535 694 1906
2 767 779 535
2 1393 299 767
2 1393 299 767
2 300 1394 299
2 300 316 1395
2 1143 299 313
2 1145 313 322
2 323 1145 322
2 323 1145 322
2 318 316 1399
2 318 1399 324
2 777 330 324
2 777 328 330
2 336 328 532
2 323 1145 322
2 336 328 532
2 1738 328 336
2 1738 231 328
2 337 231 338
2 892 342 338
2 169 891 893
2 892 1293 896
2 1293 118 896
2 1867 895 118
2 890 891 169
2 234 895 1867
2 705 895 234
2 705 895 234
2 118 895 902
2 902 627 628
2 632 627 626
2 626 510 632
2 631 635 510
2 813 634 631
2 1909 1822 813
2 812 1822 1909
2 812 625 8
2 813 476 1821
2 476 626 1849
2 900 8 625
2 626 901 1849
2 705 1641 901
2 705 894 1641
2 900 897 8
2 897 704 760
2 894 234 889
2 704 757 760
2 752 65 757
2 1996 1401 752
2 747 1401 1996
2 747 1401 1996
2 1401 754 752
2 64 544 754
2 64 749 543
2 748 747 1400
2 1400 1995 739
2 1239 733 734
2 742 1239 734
2 733 1146 734
2 733 374 1146
2 742 1239 734
2 741 1241 748
2 1241 749 748
2 542 543 749
2 756 755 542
2 797 799 756
2 1249 797 701
2 701 751 745
2 750 540 539
2 538 745 751
2 750 540 539
2 542 63 540
2 742 63 749
2 742 1239 734
2 742 1240 743
2 62 539 743
2 538 539 62
2 537 745 538
2 57 522 537
2 407 424 57
2 736 735 1151
2 407 392 409
2 736 735 1151
2 735 734 1148
2 392 382 1801
2 735 734 1148
2 733 1146 734
2 733 374 1146
2 1862 382 233
2 386 1863 233
2 763 377 297
2 764 535 386
2 1393 764 298
2 763 377 297
2 529 297 1800
2 529 1800 309
2 321 529 309
2 882 321 309
2 309 732 882
2 309 1929 732
2 732 1929 1392
2 1929 4 1392
2 4 1929 1800
2 297 4 1800
2 1929 309 1800
2 1929 309 1800
2 882 885 321
2 1737 321 885
2 530 1737 885
2 327 530 885
2 885 884 327
2 327 884 1497
2 884 887 1497
2 778 884 885
2 778 885 882
2 1737 530 310
2 310 321 1737
2 529 321 310
2 310 321 1737
2 778 885 882
2 529 321 310
2 1929 309 1800
2 297 4 1800
2 529 321 310
2 298 776 299
2 776 313 299
2 1737 530 310
2 1145 313 322
2 327 530 885
2 532 322 1735
2 1735 888 532
2 327 884 1497
2 884 887 1497
2 888 169 336
2 890 891 169
2 889 234 890
2 889 886 757
2 890 887 1402
2 1808 886 1866
2 884 887 1497
2 1808 886 1866
2 883 1996 1808
2 778 884 885
2 883 1995 747
2 778 885 882
2 1400 1995 739
2 309 732 882
2 741 739 740
2 732 1929 1392
2 733 741 740
2 733 374 1146
2 1929 4 1392
2 375 377 374
2 297 377 375
2 297 4 1800
3 311 194 2
3 2 194 1644
3 1644 194 1247
3 194 1652 1247
3 1247 1652 370
3 1247 370 1250
3 1250 370 1653
3 371 1250 1653
3 371 1653 448
3 449 371 448
3 1163 449 448
3 448 1964 1163
3 1964 455 1163
3 1163 455 456
3 1163 456 457
3 1163 457 1965
3 1965 449 1163
3 1965 1165 449
3 449 1165 450
3 450 1158 449
3 1158 444 449
3 449 444 371
3 444 2024 371
3 2024 1250 371
3 444 1253 2024
3 444 1256 1253
3 1256 444 1158
3 1256 1158 450
3 1159 1256 450
3 451 1159 450
3 451 450 1166
3 1166 459 451
3 459 1167 451
3 451 1167 1967
3 1967 1161 451
3 1161 445 451
3 451 445 1159
3 1159 445 2025
3 1256 1159 2025
3 2025 445 1258
3 1258 445 2026
3 1161 2026 445
3 1161 1261 2026
3 1654 1261 1161
3 452 1654 1161
3 452 1161 1967
3 452 1967 1167
3 452 1167 1968
3 1968 1168 452
3 452 1168 453
3 452 453 372
3 452 372 1654
3 1654 372 1261
3 1261 372 1263
3 1263 372 446
3 1263 446 553
3 446 454 553
3 553 454 1645
3 553 1645 3
3 994 1645 454
3 994 454 376
3 376 462 994
3 376 373 462
3 462 373 469
3 373 1523 469
3 470 469 1523
3 470 1523 1176
3 470 1176 477
3 1176 1974 477
3 1974 1180 477
3 1180 486 477
3 995 477 486
3 486 489 995
3 1976 489 486
3 1183 1976 486
3 484 1183 486
3 1180 484 486
3 1975 484 1180
3 475 1975 1180
3 475 1180 1974
3 1176 475 1974
3 1972 475 1176
3 468 1972 1176
3 1523 468 1176
3 373 468 1523
3 468 373 461
3 468 461 1172
3 1175 468 1172
3 467 1175 1172
3 467 1172 460
3 467 460 1171
3 467 1171 466
3 466 1174 467
3 1174 474 467
3 474 1175 467
3 474 1973 1175
3 475 1175 1973
3 475 1973 1178
3 475 1178 1975
3 484 1975 1178
3 483 484 1178
3 483 1178 474
3 483 474 1177
3 1177 480 483
3 480 491 483
3 491 1182 483
3 483 1182 484
3 1182 493 484
3 1183 484 493
3 496 1183 493
3 493 1184 496
3 1184 498 496
3 996 496 498
3 996 489 496
3 496 489 1976
3 1183 496 1976
3 1184 997 498
3 1184 1977 997
3 1185 997 1977
3 1185 1977 500
3 1509 1185 500
3 500 1501 1509
3 1501 1491 1509
3 1509 1491 624
3 1508 624 1491
3 1491 1499 1508
3 1508 1499 1507
3 1507 1499 1498
3 1507 1498 1486
3 1486 622 1507
3 621 622 1486
3 619 621 1486
3 1486 1496 619
3 619 1496 1494
3 1506 619 1494
3 616 1506 1494
3 1493 616 1494
3 1494 1479 1493
3 1479 306 1493
3 306 1885 1493
3 1885 1492 1493
3 613 1493 1492
3 613 1492 1649
3 1492 559 1649
3 559 14 1649
3 1427 559 1492
3 1427 1492 317
3 1461 1427 317
3 1461 317 1465
3 1465 1541 1461
3 1515 1461 1541
3 1515 1541 1439
3 1439 1513 1515
3 1513 1439 1428
3 1428 1512 1513
3 1512 1428 1418
3 1511 1512 1418
3 1511 1418 1407
3 1511 1407 1478
3 1407 1510 1478
3 1510 1407 1696
3 1510 1696 311
3 311 1696 194
3 1696 447 194
3 194 447 1652
3 1652 447 370
3 448 370 447
3 447 1162 448
3 1162 1964 448
3 455 1964 1162
3 1412 455 1162
3 1412 1162 1521
3 1521 1407 1412
3 1412 1407 1421
3 1412 1421 1655
3 1412 1655 1697
3 455 1412 1697
3 455 1697 456
3 456 1697 463
3 456 463 1889
3 457 456 1889
3 457 1889 1169
3 457 1169 1969
3 457 1969 1165
3 457 1165 1965
3 458 1165 1969
3 1169 458 1969
3 1971 458 1169
3 465 1971 1169
3 1169 464 465
3 465 464 1890
3 465 1890 1173
3 466 465 1173
3 1173 472 466
3 472 1174 466
3 472 474 1174
3 1177 474 472
3 472 480 1177
3 472 471 480
3 471 479 480
3 479 1699 480
3 480 1699 1474
3 491 480 1474
3 1482 491 1474
3 1482 1474 429
3 1482 429 1481
3 1481 1498 1482
3 1482 1498 1499
3 499 1482 1499
3 1499 1501 499
3 499 1501 500
3 500 1891 499
3 499 1891 491
3 499 491 1482
3 493 491 1891
3 493 1891 1184
3 1891 500 1184
3 1184 500 1977
3 491 493 1182
3 1891 500 1184
3 1491 1501 1499
3 499 491 1482
3 1481 1496 1498
3 1498 1496 1486
3 2029 1496 1481
3 2029 1481 427
3 427 1480 2029
3 1480 1496 2029
3 1480 1494 1496
3 1479 1494 1480
3 1480 426 1479
3 1467 1479 426
3 1467 426 1469
3 1386 1467 1469
3 1386 1469 1448
3 1444 1386 1448
3 1384 1444 1448
3 1448 1436 1384
3 1384 1436 1435
3 1435 1444 1384
3 1435 1383 1444
3 1383 1441 1444
3 1441 1385 1444
3 1385 1467 1444
3 1444 1467 1386
3 1467 1385 1465
3 1465 425 1467
3 425 1479 1467
3 1479 425 306
3 1465 306 425
3 1465 317 306
3 317 1885 306
3 317 1492 1885
3 1465 306 425
3 1385 1441 1465
3 1441 1541 1465
3 1441 1439 1541
3 1441 1724 1439
3 1724 1428 1439
3 1433 1428 1724
3 1433 1724 2028
3 1433 2028 1383
3 1435 1433 1383
3 1433 1435 1382
3 1433 1382 2027
3 1428 1433 2027
3 1428 2027 1418
3 2027 1421 1418
3 1421 1407 1418
3 2027 1382 1421
3 1382 1655 1421
3 1382 463 1655
3 1697 1655 463
3 1435 463 1382
3 1698 463 1435
3 1436 1698 1435
3 464 1698 1436
3 464 1436 1890
3 1890 1436 471
3 471 1173 1890
3 1173 471 472
3 1436 378 471
3 479 471 378
3 479 378 1656
3 1656 1472 479
3 1472 1699 479
3 1472 1474 1699
3 1474 1472 429
3 1472 1481 429
3 1472 427 1481
3 1472 1469 427
3 426 427 1469
3 426 1480 427
3 1472 1656 1469
3 1656 1448 1469
3 1656 378 1448
3 378 1436 1448
3 1472 1656 1469
3 1656 378 1448
3 378 1436 1448
3 464 463 1698
3 1889 463 464
3 1169 1889 464
3 464 463 1698
3 2027 1382 1421
3 1435 463 1382
3 2028 1441 1383
3 2028 1724 1441
3 2028 1724 1441
3 1428 1433 2027
3 2028 1724 1441
3 1385 1441 1465
3 2028 1441 1383
3 1435 1433 1383
3 1436 1698 1435
3 378 1436 1448
3 1435 1444 1384
3 1444 1467 1386
3 1656 1448 1469
3 1444 1467 1386
3 426 427 1469
3 425 1479 1467
3 426 1480 427
3 426 1480 427
3 1472 427 1481
3 1480 1496 2029
3 1472 1481 429
3 1474 1472 429
3 499 491 1482
3 1472 1474 1699
3 1472 1699 479
3 479 471 378
3 1173 471 472
3 1173 471 472
3 1170 465 466
3 459 1170 466
3 1171 459 466
3 1171 460 459
3 459 460 1167
3 1167 460 1968
3 1168 1968 460
3 461 1168 460
3 1172 461 460
3 453 1168 461
3 453 461 376
3 453 376 454
3 454 446 453
3 446 372 453
3 376 461 373
3 1170 459 1970
3 458 1170 1970
3 458 1970 1166
3 458 1166 1966
3 458 1966 1165
3 450 1165 1966
3 1166 450 1966
3 1166 450 1966
3 459 1166 1970
3 458 1971 1170
3 1971 465 1170
3 459 1166 1970
3 1971 465 1170
3 471 1173 1890
3 464 1436 1890
3 1169 1889 464
3 1971 465 1170
3 458 1971 1170
3 458 1966 1165
3 1169 458 1969
3 1169 1889 464
3 1889 463 464
3 1697 1655 463
3 1697 1655 463
3 1382 1655 1421
3 1421 1407 1418
3 1407 1521 1696
3 1696 1521 447
3 1521 1162 447
3 1521 1162 447
3 455 1412 1697
3 1521 1162 447
3 1653 370 448
3 1696 1521 447
3 1407 1521 1696
3 1421 1407 1418
3 1428 2027 1418
3 1724 1428 1439
3 1441 1439 1541
3 1461 1515 2030
3 1461 2030 1516
3 559 1461 1516
3 1461 559 1427
3 1441 1541 1465
3 1465 317 306
3 1461 559 1427
3 317 1492 1885
3 1461 559 1427
3 616 1493 613
3 317 1492 1885
3 317 1885 306
3 1479 425 306
3 1479 1494 1480
3 616 1493 613
3 1480 1494 1496
3 1498 1496 1486
3 1498 1496 1486
3 1482 1498 1499
3 1491 1501 1499
3 1491 1501 1499
3 499 1501 500
3 1509 1650 1185
3 1650 997 1185
3 1509 1651 1650
3 1651 15 1650
3 1184 500 1977
3 1650 997 1185
3 1184 500 1977
3 493 1891 1184
3 1183 496 1976
3 491 493 1182
3 491 493 1182
3 491 480 1474
3 472 480 1177
3 1177 474 472
3 1178 1973 474
3 483 1182 484
3 1178 1973 474
3 1175 475 1972
3 1175 1972 468
3 1178 1973 474
3 472 474 1174
3 472 1174 466
3 1171 459 466
3 1171 460 459
3 1172 461 460
3 474 1175 467
3 1175 1972 468
3 1172 461 460
3 376 461 373
3 1175 1972 468
3 1175 475 1972
3 475 1178 1975
3 484 1975 1178
3 1183 484 493
3 1183 496 1976
3 496 489 1976
3 1180 484 486
3 475 1180 1974
3 1176 475 1974
3 1523 468 1176
3 373 468 1523
3 376 461 373
3 453 376 454
3 454 446 453
3 446 372 453
3 446 372 453
3 453 1168 461
3 1168 1968 460
3 1167 460 1968
3 452 372 1654
3 1654 372 1261
3 1161 2026 445
3 452 1161 1967
3 452 1967 1167
3 459 460 1167
3 459 1166 1970
3 1166 450 1966
3 451 445 1159
3 1256 1159 2025
3 1256 444 1158
3 1256 1158 450
3 450 1165 1966
3 457 1165 1965
3 457 1165 1965
3 457 456 1889
3 455 1697 456
3 455 1964 1162
3 1162 1964 448
3 1965 449 1163
3 449 444 371
3 1653 370 448
3 2024 1250 371
3 1653 370 448
3 1652 447 370
3 194 447 1652
3 311 1696 194
